43
78
235
672
314
403
438
620
440
727
409
119
667
197
628
974
607
484
704
744
95
81
316
857
608
117
557
981
848
161
358
792
5
329
46
321
140
726
724
40
643
206
950
244
579
703
660
513
633
360
107
185
554
753
780
377
357
485
52
749
679
342
896
177
619
446
108
642
988
800
535
317
71
41
200
267
143
368
693
569
817
549
873
582
816
911
205
738
427
394
288
936
888
278
413
790
683
957
309
232
305
498
47
788
710
877
272
130
729
730
153
795
231
159
335
849
898
803
999
338
766
547
325
110
664
885
67
533
758
712
593
101
979
258
652
525
900
521
328
623
784
468
653
8
218
847
273
370
86
825
884
575
265
63
677
49
83
627
490
87
747
416
262
613
103
220
175
501
529
890
592
947
164
698
591
458
70
844
253
609
769
69
998
294
9
935
284
576
483
618
209
878
695
537
411
359
512
891
276
686
290
74
495
946
658
879
417
72
146
601
646
126
190
280
709
482
199
917
25
934
560
366
17
595
868
854
237
951
353
207
669
124
499
930
481
897
696
539
867
477
453
850
968
26
870
762
362
84
827
61
36
600
473
492
731
216
828
340
261
866
257
984
133
165
386
241
566
332
838
2
344
943
285
313
1000
441
728
102
260
238
665
700
109
581
331
515
562
31
27
745
454
964
855
715
597
923
389
248
213
771
971
187
953
668
347
173
251
343
215
656
567
97
333
166
367
54
939
364
96
351
375
518
639
286
635
625
183
418
447
384
602
162
914
221
812
127
794
933
277
913
921
201
972
480
904
536
932
115
755
114
113
902
603
399
476
444
966
35
871
378
692
863
310
34
131
53
908
564
410
630
768
373
585
348
977
980
275
315
341
304
247
887
995
401
198
349
716
30
824
834
256
843
920
743
171
324
577
711
776
105
242
395
123
398
990
944
994
610
681
869
464
992
647
659
393
4
925
580
15
45
478
638
155
346
734
818
170
121
435
487
889
722
858
222
611
19
224
750
306
714
510
853
881
58
558
663
255
460
612
544
210
48
821
429
604
550
561
188
723
975
308
365
407
449
298
85
463
719
424
865
811
648
809
437
616
632
806
469
13
404
491
326
588
208
361
965
578
388
496
456
556
291
293
872
596
459
813
59
6
856
543
57
572
757
7
819
312
136
555
845
163
661
956
229
952
782
249
839
503
21
504
300
687
785
949
940
145
916
120
641
807
899
598
230
764
523
431
772
14
705
252
910
531
475
39
157
960
311
774
926
189
624
270
815
32
457
3
24
352
862
167
651
160
634
532
421
649
125
116
442
322
662
840
559
176
893
150
720
571
168
450
985
829
42
831
390
516
135
433
852
486
430
152
528
895
859
684
494
211
192
781
233
590
655
983
905
493
682
797
134
997
33
44
929
297
737
657
542
380
50
77
406
99
725
263
292
20
752
212
307
419
685
894
851
80
969
918
614
439
942
383
605
195
397
243
236
470
455
967
129
239
527
617
408
194
721
92
55
678
631
810
961
281
760
11
76
82
919
823
434
75
266
234
400
65
381
886
526
259
778
987
748
948
354
927
149
770
801
931
654
29
694
279
376
18
837
89
391
91
254
552
151
355
565
154
650
425
445
382
756
432
676
671
901
301
864
169
106
379
690
791
876
842
245
799
963
94
589
708
369
978
179
186
645
530
443
996
448
993
336
128
765
374
522
132
938
392
924
461
959
740
60
903
883
906
606
436
423
786
573
479
282
741
426
203
875
303
51
385
415
814
339
184
675
945
519
621
796
509
551
64
289
295
112
202
497
570
991
387
138
754
122
937
100
345
735
363
240
204
761
141
626
688
912
142
93
148
534
586
320
841
302
802
10
928
268
356
467
973
181
707
779
962
568
861
733
524
644
970
327
508
511
702
488
680
337
371
955
941
79
697
804
751
28
414
66
396
954
706
472
22
832
319
615
111
594
412
909
767
820
191
37
584
713
548
1
104
746
922
452
193
38
422
12
62
732
196
673
689
73
541
783
989
514
553
323
907
505
808
805
225
227
23
318
269
137
666
88
587
451
583
874
274
462
174
846
500
540
986
736
296
118
283
405
250
502
976
228
474
350
264
860
520
836
223
880
246
915
68
763
214
739
0
637
334
271
545
465
599
742
622
691
489
428
717
670
147
16
798
835
538
822
219
640
90
833
982
826
574
287
158
563
636
775
830
156
699
507
777
182
892
958
546
773
402
56
98
180
372
506
789
759
172
330
793
299
674
217
629
178
420
144
787
226
718
882
139
517
466
701
471