850
668
2519
9495
1454
9550
4188
3099
2708
8491
2789
847
6322
1499
376
973
4465
5328
547
8314
5037
9646
559
2757
4083
2000
4355
4220
2353
3067
1967
6617
1150
2359
7557
8287
4490
9471
6180
3227
561
2913
4310
418
6130
1871
3388
2181
9638
797
127
4791
8319
7874
9446
171
4470
527
564
834
3649
472
438
9003
3529
167
4425
1683
2362
2354
2400
6844
486
91
4469
8237
8479
5949
5776
3377
3901
6289
9447
2626
8565
8683
3330
6476
999
1783
4061
870
7765
2933
5568
5540
9369
896
9198
2422
8868
7762
2360
3608
6171
7156
1777
9311
4419
3239
8264
4408
1440
211
1471
6638
2271
1428
1281
9895
3774
882
2164
3122
1663
1251
9967
2886
7325
1734
4641
1492
371
6488
1371
2734
9595
6634
9746
5607
7922
135
9270
2475
4664
282
3441
6114
2537
8140
1262
9971
3215
1375
7360
9176
8793
9329
1132
964
4627
9407
2463
7220
1984
1762
8204
1430
1246
1835
1176
7271
7520
9792
4472
8962
9569
2237
2527
9571
976
3293
3703
8871
3816
3397
1801
4159
1370
1219
3987
7597
2549
7477
461
3223
2172
1787
1620
9349
3846
4531
7407
3097
8941
4860
2493
7057
6694
8106
906
9275
7885
5219
5228
9970
4356
1944
2515
4896
2336
9309
9697
6210
2903
7851
5657
6089
8404
1330
8295
7443
9113
7546
1475
2901
1611
5645
335
4894
226
5060
3661
1560
7272
6093
720
3732
6491
2019
2447
2280
6571
57
6882
5680
1740
2441
7511
587
3874
9249
3754
4042
7891
7427
4581
172
9586
1347
2063
292
4644
1639
6038
2397
1571
5347
7932
991
4049
4336
7660
5757
1133
6700
1972
8455
2795
6564
2332
6777
2653
3173
3672
83
2967
9598
3631
2121
8004
3308
3240
8418
8099
2558
5681
4938
5001
1696
2349
5907
4624
8043
3519
1231
2929
8363
3888
5238
7644
6309
5411
892
1245
1218
2501
2461
1467
3231
6352
4507
74
3506
8066
357
949
8726
13
4166
2502
1015
8475
2569
2147
603
6828
4082
9211
1682
3202
1362
3756
9753
4443
5090
7116
6677
3784
3350
7399
1637
581
5477
4210
35
1314
2481
9960
1943
8118
9619
3267
9810
4454
2178
5285
356
3427
364
7793
6867
4107
830
2401
9969
5604
713
6183
212
311
5817
1403
4056
2608
1279
2390
4141
2366
781
5330
8680
9452
3931
8064
9283
4524
9260
926
6332
6098
5344
2934
2144
2753
58
460
4422
6020
7327
1573
2095
1077
4455
2076
506
8951
279
1818
3578
92
8546
5456
5534
5346
9851
9724
686
222
6516
9183
3750
7522
3349
4225
6545
8537
9016
1266
8332
6760
1938
7870
6241
9017
1901
3717
8572
1994
1536
6442
3095
1212
8634
5358
8260
655
3049
6028
265
8083
3942
4235
4467
3282
4439
7197
5703
3665
2143
6930
4654
599
9742
6489
6580
623
526
8045
200
5086
4589
3630
3135
6044
2744
2187
3502
1948
2251
1514
4471
8498
7516
9904
1306
7732
3692
4945
9661
6599
1589
4344
3196
9085
400
3150
9625
4135
9585
7987
1291
8405
464
1088
1828
8853
9018
8344
9675
9527
7797
3333
2701
1590
5124
4390
7831
2045
8658
1618
6683
731
9102
6766
6474
7266
754
2228
8701
4133
6025
9908
2117
9932
1263
530
7200
2504
8973
1804
8058
2035
4978
1412
3683
6041
3809
831
6123
8529
4203
3178
3398
145
3718
877
996
8666
9924
888
8618
2016
517
5046
9805
8152
88
4916
664
8703
9327
7441
3498
6019
1562
278
8770
4998
7533
2623
6592
735
7356
8961
4727
5425
828
384
9860
1531
6248
1335
7748
4900
8543
1650
948
968
9444
4970
9251
9714
4385
4866
631
9420
3591
1823
3144
6158
8791
2099
3887
5868
6177
1445
5178
6081
8910
9529
2942
8279
108
9285
9579
2340
2421
7670
1756
9171
7429
264
97
4360
4053
8528
6719
8568
1870
4027
855
4553
2291
8245
3587
9041
7274
2286
8906
446
1911
7124
2416
6176
7454
3057
4699
4333
8388
1922
3814
2620
9217
6733
7015
3823
1975
9194
6678
9008
5116
7718
8368
6472
7245
3081
3428
8251
4287
5489
4718
5582
8670
6460
9859
4714
8286
5181
4085
3680
544
5249
5294
2105
6411
6800
2705
6419
7305
6002
7804
3468
6864
32
6703
6886
5310
5950
4424
42
2541
820
4348
9442
4606
578
9847
8387
94
5162
702
866
5545
923
7742
151
8953
3969
8029
1626
7392
9376
640
465
6224
6487
8698
4298
1791
3673
9587
255
8433
3276
1052
8888
1886
3595
4858
3009
8964
4636
1439
16
6481
707
7154
4510
1634
6764
4943
1521
6960
5200
3612
3734
2544
6647
9167
6356
8169
510
6006
3744
3363
107
6501
4172
5716
4638
1276
871
7357
6433
7616
3829
1116
9035
8983
179
5349
5583
3510
7948
5500
9012
5194
4444
1773
5098
1792
5367
4824
8834
3866
4551
2116
8790
240
839
1830
6316
8984
1134
3312
7649
475
5525
1998
463
2298
3705
9749
6973
6477
5529
3199
9840
3895
6323
9020
1921
4901
3487
4433
2777
8165
9694
3281
5042
4492
1047
2296
9126
2684
6172
9236
1848
8656
3032
3553
6921
5484
3641
9352
2242
4752
2250
1945
8109
323
3696
2450
1952
3919
1533
1677
7243
993
439
1841
4962
118
995
3880
1337
2137
8273
4300
2378
6
6467
632
597
403
1062
1517
5494
1941
5750
645
8574
8119
9197
1419
5872
5014
1882
2563
2667
457
4280
2555
4658
4176
6400
9640
4942
9557
929
772
4396
5563
5708
150
86
3845
6692
8103
453
8597
1822
4139
9540
7666
4247
3837
1286
589
5301
9320
5197
1255
6561
6337
4494
6446
3434
1215
8940
840
3584
7111
1893
160
7059
9064
5383
294
2849
9043
8315
9980
5592
5517
4373
3886
2041
5683
8489
5849
1656
2024
2560
6952
3878
3592
5279
1257
5352
7275
4379
1749
9419
2030
8717
5866
3431
8170
5258
6679
307
1538
275
8514
5045
4950
2480
6615
104
2410
4533
4919
4015
574
8919
270
1042
2102
6462
2426
101
7608
295
1118
8664
1699
9531
1048
8663
7268
9474
8268
7002
766
9353
7811
8927
7232
4795
1340
2248
9669
4854
7559
2273
5298
1864
1561
2083
8301
2525
3851
1014
1
9744
625
617
1525
6691
6935
8785
1513
2613
3356
6267
512
4526
6877
142
9341
1959
5905
3644
9958
5337
9417
4429
3075
2322
6285
9423
5579
579
1509
1006
9440
1814
7165
7410
9481
1608
5925
5819
8511
8436
4620
2567
4560
9926
4622
259
823
9295
533
9055
8057
1599
9145
9965
7889
1148
7622
1022
2312
6266
1064
6918
900
7904
6738
6988
330
1355
5350
7192
396
9949
697
8023
1410
4833
2233
2616
8225
2521
4226
6120
661
2006
7655
704
2384
1971
6740
698
2783
6250
3332
9902
6999
4405
1056
4918
8059
860
4251
8381
401
9615
7336
4867
5408
7795
3688
6276
9215
9098
93
3458
9894
619
9670
5062
7684
2891
725
2683
1028
7261
7350
3988
5862
2194
1898
7221
1969
9238
3822
6209
1732
7824
9227
2132
3194
2538
8959
1866
214
1964
1035
8232
2813
4930
7674
6814
2216
9511
5080
8126
8473
1880
3857
3834
5700
196
1881
8076
6227
5137
8874
5035
9406
6190
5929
358
4574
2702
8684
2837
3234
6235
8280
2387
1510
4972
9156
7285
1537
1019
7126
8768
2885
5769
682
6567
1172
7747
2802
3538
9515
2338
2892
7730
39
2434
8752
1775
6064
4965
7930
8091
3719
1239
8506
5128
3966
1976
2028
7694
611
3695
4001
2822
1707
6665
2780
3674
9766
8912
9499
7964
6108
1432
1135
7895
6437
3794
1598
2600
5837
8389
6288
8063
546
8259
1541
3085
4014
5777
2522
1697
4737
9437
299
366
3198
48
2690
4275
5215
4793
234
8139
2319
6240
5118
7634
4003
1679
428
7018
5491
6359
180
2302
1259
2489
5270
1179
8193
6399
9366
4060
7193
1300
6189
3321
7103
412
7703
5516
8852
1923
1377
6894
2431
8607
8209
6383
7254
3301
4611
1466
9568
6816
8612
5040
5550
1895
9037
6529
317
9853
6244
2606
1716
7389
6291
2576
1919
4805
9483
4576
3832
4240
7808
737
4068
2927
1591
4521
6126
7348
886
6977
9608
613
2246
8285
5667
8067
7994
3871
7849
724
3854
3617
8936
2113
9911
540
7715
1191
2389
821
5094
7484
8915
5974
715
8957
5666
3582
962
1026
5965
5829
1534
4955
174
6598
9793
6496
6920
8180
9072
482
5010
591
4680
1469
1101
6188
5132
9777
2603
588
9023
5196
5882
7859
4729
3634
8187
535
6260
4102
38
8296
3072
6453
8592
4217
939
2494
8810
4255
9060
4596
5297
6959
7278
2357
2300
509
6090
2799
4476
777
3622
1982
2763
4880
7503
1638
6029
9785
8977
8854
5621
8048
3295
3943
1074
5146
5671
5262
3573
975
231
8391
784
6939
1673
5674
5445
8262
4266
9494
2928
4072
8496
6298
4724
6721
8437
4806
680
7194
8439
8100
1242
1462
3971
795
8922
4653
5782
6555
2465
6416
2964
6511
1436
3627
4523
339
942
6775
3016
9045
5702
466
5927
4768
6234
9144
56
1368
4192
4689
4937
9422
8490
5475
301
7269
9916
4893
1379
5386
2781
8454
7650
2226
4655
176
3900
7219
2418
1621
2706
3400
415
4564
5704
4870
4902
4449
8051
3154
7834
8125
8288
1754
2568
3209
1665
8674
2377
9886
5011
1876
9818
6749
2272
807
4753
4980
3396
3491
2876
1161
205
6379
2297
4543
4016
7899
6351
7556
7238
8533
1285
1518
894
5396
7888
5902
4826
4482
8735
5401
2686
747
6435
2154
8604
5066
9570
7130
2021
9042
5966
21
4530
9378
2730
2673
914
965
8257
7249
2764
9867
9231
5345
6622
4097
9590
4071
2347
1748
1820
5156
7039
2370
3693
9553
782
470
6292
3129
1163
8865
9200
815
5353
4168
3599
3765
9652
4713
7292
922
4154
814
2618
7384
6184
2817
3870
7489
1928
324
6808
4267
956
9850
9716
8054
2256
6124
3318
7474
6327
4456
5065
5242
1483
4995
4758
9943
8149
8163
8114
7968
7147
9190
8809
508
9903
2700
7135
2305
7283
2668
3842
1501
2009
4673
9545
2200
6535
3852
6932
3355
6751
4276
8468
3728
6405
6922
2651
8463
7927
2403
4129
3055
3979
8508
4380
6884
5308
9896
1034
1119
6659
1369
7048
5034
2404
3024
9864
4804
2052
7088
5633
202
1968
6428
1195
2333
4466
8798
7992
5362
6527
9004
6947
7000
426
719
488
4279
9332
7294
9717
3528
4252
7906
228
4846
5503
3440
7972
966
8547
2858
1731
9480
6104
7074
3669
2488
4434
9812
9160
8987
7528
6116
9204
1178
6012
1555
6585
6895
1674
3464
411
1852
4170
3061
3257
1206
7712
8160
6406
7651
7031
7856
3939
5560
2676
4343
1310
2945
1464
9809
6310
6515
6807
2889
8354
5802
7337
3659
9985
5387
3362
7488
9254
863
1208
7478
6168
6550
204
3404
9112
7998
8805
6672
3306
7565
5779
9622
7257
6423
4149
5648
2458
8699
5858
316
4147
7483
9389
9233
594
5958
8068
1741
6319
583
7578
2364
2982
677
2123
7215
1040
6996
7951
1044
4954
9184
9459
8494
1724
2109
4039
9117
6770
1763
5643
3946
919
500
4760
8589
1294
3906
4177
9664
6720
6889
1055
2748
7576
8694
6215
1601
1446
9250
8530
4989
4767
4268
296
9780
7563
4802
4248
1273
8728
8764
4282
6427
3008
6911
6809
6910
1470
3413
1965
4726
1610
33
1117
6693
1627
1288
9061
1831
6284
1764
1094
2904
3382
534
6142
1558
215
9702
5504
3999
2595
8105
8817
9700
8679
9983
2047
8397
9866
9026
8039
7607
1812
2452
1636
759
4488
245
4817
8412
9740
4723
2873
8459
7938
9852
9100
2922
2883
2257
5531
8495
5050
9448
448
9475
7289
2402
7217
5554
329
7342
1260
9216
5239
5528
1474
65
6293
9239
1766
6021
7617
341
6186
2749
1917
7729
9152
1896
3117
2163
1359
7757
9547
921
2166
644
3450
7210
67
8370
5619
2675
6076
3958
1817
2287
4711
5216
2672
4745
4748
2768
2398
5899
3863
2145
6318
8228
2786
982
4968
8002
1494
4621
5650
2324
3229
9551
3715
258
1856
519
3596
3534
2860
3249
9814
7986
4153
7967
940
748
9563
2572
8665
3973
7227
5854
3664
681
9436
7710
5644
7562
9689
4985
4274
72
1675
986
5875
274
7801
146
669
5281
6348
6512
1067
2772
1619
3410
1678
3597
224
4668
3724
7573
8892
495
8447
8839
1087
9394
4780
8270
2260
1363
9361
9177
7224
7705
227
1292
6763
8095
3490
1111
9391
1211
5916
6938
8120
306
7096
2055
1443
4568
8932
3248
543
182
5852
2597
8007
8182
288
2583
4263
4958
7097
2363
1493
7773
8277
5533
2396
9726
2729
4659
2062
2111
8024
4856
8976
1958
6447
7045
7019
9158
810
7233
8242
2695
1084
12
5691
8934
6232
6697
5995
5273
2195
6424
124
3034
6878
2455
4122
4944
802
98
3563
8081
2279
9602
3023
2648
1507
5809
5986
1587
5564
125
9683
3881
6341
1743
5153
1455
3858
7613
4886
3635
2761
7850
4754
7323
3616
2057
2547
6686
3358
5078
1360
8534
4372
6004
1554
9690
7881
7610
7345
2794
3867
6815
2946
2621
9651
6742
1600
8555
9682
1438
1481
7726
2414
9680
9209
2738
77
4231
8706
2158
449
2640
6690
6313
5363
8552
3186
984
6944
4316
3203
568
6834
7540
2064
562
932
4899
4187
4113
5102
2320
750
2444
1227
1953
3180
7011
2243
8441
9063
5509
1234
4175
3755
8001
1580
1585
6195
8782
1334
8299
624
4548
5074
8655
4686
5263
6048
3518
4076
2022
8423
8272
7089
958
1547
5212
7167
6401
9002
2638
3976
3328
5300
7176
2888
5519
5002
8638
8379
3411
4253
5980
9910
9399
6387
1604
9333
2784
8551
8417
4761
6611
8691
8569
6727
6551
6601
9768
7639
7386
2495
2739
2392
4359
2002
308
6797
4184
5718
3146
8392
2161
4126
9261
6608
8850
110
3536
5767
9981
3471
8913
2661
7177
6010
7080
1072
4796
8541
6218
4096
1247
5627
5730
876
904
4142
6398
4785
752
4779
7472
7547
3785
1906
1463
3401
9968
3039
5133
4312
7723
2073
1092
5584
3830
4728
8819
1902
2678
7959
8124
2258
8275
757
4480
1354
1505
425
9786
8996
5303
9248
90
6948
3638
6187
9674
4735
9954
3711
7226
2004
9076
972
1120
8795
7083
5157
8128
2564
3968
1323
1282
9308
1396
3738
2688
2550
6712
1794
3554
1736
3141
1849
7494
1025
2995
6300
5416
333
2500
5048
8696
3165
4067
2290
4532
8195
3937
5404
1900
3309
1522
4241
5646
0
1406
5160
2520
7314
2709
6199
3993
616
8271
803
484
4708
2902
6056
3000
490
7451
1460
8830
8240
849
5715
1059
5044
8780
267
7579
5825
9120
5805
14
9051
349
6111
1686
68
768
2091
2632
6942
2068
8771
4026
4089
9634
5051
4256
112
8564
123
3155
246
8509
8751
1243
8337
8688
518
9672
7800
7861
5379
2988
7954
4642
3876
6421
5429
9293
8340
5122
1250
4261
8710
496
3868
4284
393
3586
7999
5058
4869
1793
1623
3609
2316
5856
3748
313
2963
1655
1755
7593
5763
5944
385
674
1095
3833
2590
6008
6795
6396
8947
8146
3364
4388
8480
7799
8887
6639
52
4229
9802
9137
2174
177
1951
2872
2741
2924
675
5565
7160
9944
8207
7108
6876
8394
1207
9087
4764
7368
7455
1298
3508
9350
7592
4951
8031
4888
8754
709
1017
5990
6499
9161
1613
3114
7174
7662
7668
8065
4529
3840
3296
8867
7979
7691
244
2472
8621
6852
5481
1290
1235
4004
5662
6736
6701
1121
878
1365
3749
5930
1339
1198
728
4742
9445
8512
8323
2417
8623
7352
7189
9263
8415
7903
6596
2152
3412
337
3105
1237
6178
1030
3741
9794
4747
3781
6156
1385
6492
943
548
9659
695
3496
9408
6616
787
5393
4771
3820
1194
5800
8796
6674
9347
3096
6349
7603
5673
4103
1173
4007
4019
6711
3326
7829
710
5857
4183
6743
2491
879
4038
1352
5676
3152
3807
7638
3804
6077
327
3701
219
9917
443
5785
4821
3793
592
5246
774
7830
1582
5174
846
5612
2530
2210
71
9257
8945
5936
6824
325
971
303
9799
761
5093
5195
1045
140
8176
2487
305
2244
6855
4941
1578
5390
2255
9909
3320
883
9835
28
2985
8304
3590
992
7411
2756
4364
6036
1738
6774
1730
4822
3940
3148
5530
6333
1929
5351
3493
9317
5641
2282
2625
3731
5524
6975
8419
2716
6857
8297
2818
1670
8986
2921
5073
1997
1090
9075
7024
7023
8737
9973
3467
3226
9800
8488
8486
4763
778
421
8746
2724
6246
2179
2907
9047
7297
5136
808
3013
7921
8504
5497
7277
5428
6464
7510
5797
5846
2825
9412
3340
2571
2084
2957
3877
391
3923
8813
7839
6425
9404
2478
5935
5721
5913
2323
4145
979
2691
5415
4672
4406
6096
1331
6386
9365
188
1180
198
7823
5368
819
9907
6013
4317
4005
4794
8772
7635
665
3606
2393
4651
1703
1927
9635
5830
1130
2978
271
5187
5170
3522
405
1593
5831
1692
7115
4772
3860
6734
3932
217
5476
197
4504
8216
4288
9913
7678
7063
2971
9942
758
8453
3151
927
8561
2610
6094
2507
3706
4201
8189
751
2120
5454
7362
2375
8398
6758
2893
8862
762
4486
2516
7464
9950
8211
7035
3839
5654
9701
8660
8041
7433
7084
809
9503
5400
9972
6524
8220
1138
9990
1695
4299
4992
481
9509
2850
9559
318
213
3354
4427
3011
7363
4346
8121
9110
2607
6087
2718
4009
918
431
1114
4776
454
4571
600
8334
767
6463
8649
4818
113
6642
5736
4457
3004
9556
7204
2630
3910
8320
3817
5004
7028
7719
5256
5142
6624
4130
4324
6916
5234
4311
4018
2952
4099
4092
7929
6420
19
9170
7100
6138
3611
1810
1750
2747
3302
6233
9510
4639
7047
3935
8636
2264
6220
1399
2823
375
2614
2685
1241
9822
1936
4769
2524
7519
8616
4290
6842
6302
7586
9607
3898
1367
9941
5370
9106
5838
1338
920
444
1829
1811
8406
1049
8471
5803
60
2150
4028
7642
2188
1662
3525
9025
5833
4613
8615
3216
5442
557
9307
3941
1862
4556
6377
7918
3743
5985
2592
1924
7697
1855
9163
7479
3417
5378
531
9874
6357
2824
5120
7759
4853
8626
2087
4555
7864
8571
3603
498
3438
9168
8870
9065
7781
1258
5028
5886
5007
7061
9993
8712
4536
2239
9629
9380
7095
4656
1390
4694
9583
8431
703
7338
2442
4601
6829
7615
3255
7846
2662
1106
2379
9772
5581
2043
5096
4020
5574
6426
404
2619
3656
5608
7974
4908
9964
5918
6274
4542
8884
1646
2065
373
622
7148
7042
7787
5539
835
3945
5807
9127
6925
9813
2793
423
319
2424
6854
6066
2175
739
434
157
3640
8460
3569
1742
422
7687
1714
3064
6874
7179
5585
3109
3376
1236
4786
4967
8930
1647
4094
7462
9142
5113
3583
3107
2948
7821
2776
7626
2292
8820
642
2605
6901
3861
2953
5938
2238
3378
2241
9686
6228
7894
1640
9291
4495
2877
4525
6494
3480
9082
4598
2580
9518
9706
901
2430
473
9705
7050
2663
7490
348
6753
2968
2328
9314
671
5919
5932
491
2965
4631
3092
1844
4431
7580
1592
8410
7326
7105
4084
6606
1630
9027
6403
1284
5764
5095
223
2769
1144
1156
8144
1980
8548
3818
9488
3776
5111
236
4391
4293
1304
9987
9108
3952
6255
5253
2526
2543
7910
2852
4671
2301
5742
9662
7163
9140
3062
1633
62
2308
4477
9643
7448
4481
8724
5595
1108
1737
2532
7802
6165
7470
868
2160
4363
8981
5208
1153
8864
4199
5389
5432
367
8317
8014
480
4666
2828
2745
4887
5332
1343
4508
6715
3570
7434
6326
2880
2523
5850
8708
8652
4966
6696
8462
1974
651
9189
8563
1321
1013
9287
8157
6531
812
6170
4578
8016
3261
9367
5921
5887
4491
1344
4358
5593
9879
440
957
7246
5123
7814
4579
1905
2939
6137
7836
5937
9743
1868
5723
2462
2642
4063
195
6320
8783
3588
3374
4595
3387
2157
2950
6311
6618
3389
7775
983
2573
8003
493
3222
6486
4697
1154
5784
9977
2042
5917
3513
3291
5165
9279
6079
6135
5690
3959
5765
1228
8990
3764
3565
7391
6873
2114
8200
165
7505
9046
1520
1303
4497
8811
8749
8603
1073
2182
9371
320
3725
1032
8426
8611
2001
6257
8451
1413
2767
6444
8903
5678
2439
717
4283
2193
9134
2383
6940
898
960
2050
2267
9976
5570
2094
7493
4583
3531
3484
138
6835
342
5237
5364
9358
2719
1170
7146
607
5176
6994
272
5323
4640
8402
2528
2857
796
6161
5836
6225
6595
6881
7136
2134
8385
7788
1003
4554
4610
6745
7858
3849
2733
1476
8651
3415
1091
5520
3065
414
8353
1956
9092
7504
3740
4222
1425
102
4700
5815
6166
6709
8294
2834
5478
3392
8653
1159
2652
8633
4382
5193
3299
1523
6823
24
1057
8836
5235
874
3045
2559
8629
1293
1624
3482
1498
8478
7618
3156
2917
3200
9576
6603
372
8328
194
3244
3473
8590
6668
476
959
3716
6385
6009
730
2604
6507
8457
6197
9775
6803
7423
7092
5892
9673
2013
5257
1165
9039
4597
3416
5549
2245
7693
657
7459
5618
3337
4502
455
2270
773
7815
1093
8015
5753
5488
7239
951
805
1224
8958
6495
2197
555
4161
1772
7688
6747
5865
6525
483
4073
2631
2014
723
7975
6065
7032
5108
5434
1213
6987
9872
4762
9711
5439
257
7764
771
6904
8929
5822
742
4173
7950
3812
2294
478
4801
978
8492
7708
8894
8017
6101
4032
3369
1700
9178
7887
2557
1221
2752
6619
9767
7857
9374
6402
9147
1380
5271
8925
2994
7081
610
6254
4239
8008
7735
2411
9811
1160
5812
9219
551
8625
5501
560
8505
8110
7752
6796
9089
7333
3030
1203
7250
9123
1254
2204
5315
8778
5421
4777
1930
5005
1960
8256
9795
3270
6205
2782
4520
2692
722
2593
6791
5952
3675
2038
6024
6275
5472
930
7751
6786
382
5485
5097
662
3265
1171
8215
3492
9079
3723
1184
3003
5580
2017
7209
9558
7401
2096
1418
9681
1789
2562
9129
3118
8825
5103
6670
9143
2925
567
9456
8627
6628
4008
9290
1667
3805
3992
8009
3027
4401
8661
2746
8148
8898
1197
8753
8311
8814
8434
5493
1480
1903
262
3380
8549
8465
2142
53
6956
2577
7385
9764
684
5296
9427
4262
3054
9963
6143
9733
8624
5739
6498
1004
2615
1770
3813
5186
9632
8190
3158
363
7355
9798
1155
1249
4185
2374
286
5722
2665
3577
471
2659
1727
8502
5664
7535
3313
1691
3618
9392
6408
5105
8690
9324
1515
7896
5435
9119
2703
2750
8033
1129
712
4823
9533
2650
5377
8643
3778
345
3395
9945
9125
7369
6181
1803
2180
3393
652
8948
8094
3104
935
1232
9343
2446
7377
1973
4928
1280
1301
7079
6297
477
350
6899
637
1457
109
6732
6053
5496
9188
6802
7056
1299
7761
2698
9468
1341
436
9979
87
5052
2758
1096
974
1544
1759
4647
9657
8781
5824
2192
8869
4743
8823
7198
558
6208
2048
3737
9210
6263
8411
5268
9383
3893
3983
2689
18
1983
3566
9498
4305
2177
1167
4914
3351
4383
6350
9721
450
1313
261
690
1272
2987
1760
9059
5232
3177
1539
6381
2168
4197
5314
2184
9355
1312
1349
3873
9918
9362
6902
9892
3562
6669
1435
8525
4537
5126
9284
3476
5814
5466
7187
5597
8580
2
1489
8222
798
4685
4104
7122
9919
6865
6314
6283
1899
31
1606
9373
8709
6131
4909
4164
6636
4093
343
4661
8369
2148
3757
1146
1342
7308
4890
6839
239
3080
6046
2437
9938
503
7840
2278
9628
2453
3260
2146
9829
6000
8442
776
6082
8278
1808
4286
374
8378
9348
7087
9338
9074
7956
1157
7946
5163
4367
402
5959
1891
8055
2449
7270
7299
536
3996
4432
7319
2325
433
2151
4400
8522
7905
6759
3890
8842
5832
7571
3537
8848
8876
8239
4924
1660
4485
6457
595
5125
1324
5728
1274
3613
7288
2637
1530
7609
8137
7897
1908
2787
2517
3771
1798
3713
120
3079
7306
5151
743
9153
845
2644
8801
6554
66
2056
7016
1885
9265
6329
1894
2766
7554
9384
4180
9709
5289
5521
842
9759
2165
6661
309
1947
5622
670
5248
7117
1996
338
310
8290
853
6307
5762
2720
3930
6376
3324
2440
3779
2798
5376
5336
9948
413
8519
1448
5967
934
5729
2687
4648
2025
3956
2119
4921
5231
7871
2215
9274
4844
7290
5023
9301
7329
276
8289
4545
7552
8274
5420
5787
5440
5538
2335
6566
7720
3001
3687
5663
6546
755
9962
4202
4483
27
2743
1230
3645
7020
9501
5668
3575
8602
4366
6708
7123
3926
8036
3494
9326
7152
8327
3532
7933
3944
5796
6107
5511
9360
7621
7786
6762
3786
5104
4326
4832
4271
7118
8989
8241
7920
2513
8727
3168
9906
848
9432
2655
7770
8234
4513
5656
4544
7471
6702
3300
7628
5144
5922
9479
1574
4538
7539
2578
8766
9244
1920
4812
4935
9289
5417
7605
2895
1477
9203
3368
254
3619
3684
2284
5480
4232
1264
2846
6982
3982
6451
6458
5956
7853
785
3437
2954
1450
8731
3136
7542
4665
7398
1287
2899
6656
4959
7939
3329
1000
5960
4043
1200
8748
9881
2224
9710
7779
2771
8445
7012
5801
7669
4608
7171
3469
322
7907
9861
1954
6532
9610
4875
7866
293
3220
9115
3663
2086
5600
9403
4414
6581
8390
2762
9340
638
1645
9385
9195
3899
3043
1174
1669
8723
9827
2061
7843
1861
9335
6179
1318
7178
5254
5637
7721
5910
6129
3897
6505
4836
321
1757
1751
2139
8483
82
7264
8116
7347
9181
2677
7940
5451
1933
1127
606
811
7006
7766
3430
7722
5693
6471
9900
2611
4278
4011
8657
5878
9996
4052
9885
1482
2080
9138
9303
1843
6061
8303
8035
8141
6875
2531
7704
1807
3347
6436
6343
7235
2788
7065
3909
3915
6574
9512
266
106
9028
4963
2106
6155
3892
746
336
2368
3127
6247
2697
6780
6572
4810
4301
1429
2103
8677
80
6027
6614
9461
242
3073
7619
6192
1799
9600
9272
1332
9757
4946
2848
122
1884
8164
1061
851
8579
6955
4910
1253
6051
1442
9264
8630
6951
6536
694
2388
9858
7882
6014
9508
8672
8938
6105
4292
3160
6097
4207
7820
5201
2039
5159
1614
1267
8859
3783
9623
5912
2469
4602
1105
6730
8719
5844
4635
2843
3682
6080
3123
6851
994
7601
8890
7010
4258
9124
8191
8518
8654
4756
4205
7517
8558
8013
1449
3176
6391
8893
7833
8432
7381
608
6768
2914
8366
9487
838
7073
290
5171
7041
5526
5548
9453
7652
1217
1177
9466
8477
2565
497
3251
5278
3230
1058
6191
7244
6506
858
869
3449
6953
5559
7236
4952
5173
6164
3884
6609
5682
5788
2803
6262
8942
576
1658
344
1053
2736
9379
3448
8891
5772
2153
4117
2579
3921
716
9319
1327
6666
1931
3629
130
2529
5848
7596
4657
3457
4707
54
492
9476
9234
6001
3985
4582
9525
9715
1268
912
8707
4843
8567
2609
8252
3352
4698
604
7699
9784
6392
6718
6151
2262
6342
8474
2518
1395
3827
5452
5571
8837
3338
1859
1252
2721
5003
8127
4206
8829
8897
377
6836
9734
2026
3975
4409
9235
8883
827
3386
2497
7437
1526
9676
601
7291
887
1021
5599
1009
1485
3012
9222
1705
825
6136
843
3384
4515
609
7242
1372
3132
3505
9618
8933
9808
7439
9262
5026
6479
4738
6280
8816
9034
1504
2281
79
7005
9164
2317
1753
9136
502
7075
8395
5851
5381
872
1277
8720
4297
4828
7099
2135
9530
7997
8333
9735
3883
7819
6017
909
2365
2812
2930
8305
6539
3541
4993
1431
9486
2451
4069
7151
2474
1196
8704
3658
1307
5536
1193
6540
9377
7365
7614
2425
2464
584
654
9696
997
9005
8104
9331
6541
3191
1892
2596
3773
5551
514
1500
9148
6361
5076
5758
6364
3702
4878
8330
7658
7026
6575
6202
2468
733
1104
572
6773
395
2829
2020
5820
8632
3545
4416
5573
2348
4249
6705
6825
2981
6362
3018
4090
826
8185
4216
2263
5441
3986
9871
9668
6521
4233
3838
1728
4291
8556
8840
4044
6042
8449
3053
7496
954
1937
2303
565
4841
9288
6804
7315
8012
1913
399
545
2373
3083
5694
5547
370
387
6429
9828
1107
1149
8499
7375
2053
1020
953
6761
4986
8600
6833
3615
2499
9722
2299
7046
6927
2391
6552
2386
2864
4565
6517
2133
7382
3015
8452
7731
8298
1317
2107
8178
6750
1484
3798
4144
1199
6560
5252
8736
679
3864
8759
6443
9940
7248
2712
7854
6203
3074
2617
4874
1490
6231
6594
458
3206
5188
9245
4522
6583
4562
7958
6226
8952
1415
6752
7460
6971
8550
9225
4322
3775
3238
7022
5888
3894
539
6936
8046
2634
4973
8167
3962
3747
5968
2534
6045
3697
6415
302
7876
8773
2972
8000
4120
5222
468
4759
8921
5143
4459
2654
5514
2247
714
2339
7901
4616
1145
3184
1029
5991
8321
2727
8757
9947
70
5030
3002
6134
696
8307
5795
9566
2342
7526
7013
528
6271
8756
3391
5482
7544
3159
9946
6657
7631
2029
8644
7555
1726
247
2847
5642
2253
8729
4156
8733
2586
9611
2351
1584
447
1979
2545
5359
7372
2138
532
4736
9719
4181
7514
7364
9898
7790
9206
9150
2005
8681
4629
1240
6099
1333
4757
8944
893
117
789
9433
4242
515
8743
3933
706
4588
4684
8954
3171
1361
516
6914
627
3418
6119
6032
4213
5542
8648
5940
8360
4245
1824
3558
1845
407
6504
9931
8584
191
4189
7495
4158
873
2007
3970
7142
437
7582
328
1147
2420
9410
9816
8040
6363
4876
1576
6563
2155
6148
7558
3540
7001
9166
2128
4770
8535
4509
9356
8765
2556
2358
1186
4626
6478
525
852
1441
9414
8184
6637
4547
4315
4101
9128
9090
513
6128
2023
5016
691
3193
6966
8725
4171
2235
2561
9526
7661
287
4709
277
3112
3960
2574
8601
8219
148
9748
9281
6641
4002
8832
8470
1758
6623
6788
263
1694
1915
6261
7598
1209
4128
4421
6898
6781
9596
2170
5335
8372
1990
201
131
2490
8084
4840
8456
9196
8831
1797
5821
7036
2208
2975
3927
4674
4575
1188
8956
1977
7977
9713
416
7076
6375
4428
1987
7379
3228
3560
1860
8542
3800
643
3258
7153
1141
5780
2956
9393
1336
218
2905
1710
6826
4974
4209
9660
4716
2940
3343
2582
1780
569
1151
3405
7361
7172
7498
9671
9620
3051
6102
4479
5569
6771
5430
7755
9149
4078
3997
7538
6986
985
2932
6627
6671
7923
5255
7256
6378
3175
187
5813
462
4403
726
2682
5527
1353
6533
2510
3456
220
683
7784
5009
1785
3294
8747
4816
9593
7054
4212
8090
2484
925
4956
9544
4034
8619
7602
770
8214
1745
3882
6167
7908
6325
250
3334
5733
379
7914
6296
2669
899
6035
3628
3145
6448
5184
5405
5885
1256
1506
7587
3188
5224
9522
5374
1659
1768
7665
6450
1275
2865
6152
8283
3262
8345
9462
5266
9050
8851
5755
5697
8472
2288
8788
7534
4829
6085
3651
7191
4441
6968
829
4559
241
931
1181
459
3678
2162
6680
9729
5884
7121
5883
2126
8102
5498
8396
43
9088
9484
346
2008
8212
1666
7707
1316
4378
9044
4720
765
1398
7756
7322
1444
1942
8226
6369
2070
5100
4877
641
5326
8622
7491
9636
45
8815
159
8403
5471
3662
2533
1136
2935
2082
5628
575
69
2112
3134
154
5487
144
1479
5292
7432
3981
3844
566
397
7590
2220
7842
2855
7983
8383
2539
5423
51
7312
2341
5502
6144
9029
6861
5391
6279
2951
7527
9644
249
4499
1005
4895
4374
6039
2912
9091
5920
801
4413
6534
7310
7909
8357
3530
4260
8151
2031
5483
7548
252
9133
3621
881
5979
5399
4353
917
9584
409
8559
7672
8487
5914
8843
1711
1963
2306
7962
8250
6548
3571
3679
9111
4264
7296
5082
4162
1701
6958
9991
4402
3512
9306
1723
2356
5970
5964
8129
5598
6728
8711
3762
2205
7664
6055
5687
7078
2737
2732
5338
3236
4690
9567
8329
5032
6917
6355
9565
1642
8685
8760
3795
3348
5260
119
1744
6514
4048
8822
2512
8845
285
1888
3955
136
8595
5061
1717
3113
7805
5388
3119
9370
3550
5972
6217
6754
365
7584
6604
2986
9497
9280
6695
2833
6522
9562
1420
6370
9770
4599
6249
2915
8021
6068
5185
5713
7320
7110
4334
1897
1433
1873
6860
1168
8092
4095
8662
9679
9062
4663
6281
5799
9921
947
1001
9790
5217
7009
2454
1100
5150
9693
5982
8639
6265
8826
5172
3162
8641
8693
9386
9036
4975
6801
5199
2760
806
4586
1790
7086
8642
2130
1524
6919
6174
9745
6508
4446
8233
1210
6967
291
183
833
7900
946
8310
5835
7383
7832
5843
3763
4855
6714
2976
1126
596
685
3298
6347
99
2723
9375
8202
8088
1456
7101
7436
2254
3006
7094
3994
5747
8336
7947
6785
5282
6345
2492
3607
8407
3304
3283
1548
2225
8668
10
895
359
9736
20
1739
3461
9208
5463
4540
4200
5954
6344
792
5761
4420
3205
816
1690
2636
6684
5008
6497
1071
3037
5038
7934
7203
8263
4926
8880
5316
8744
6587
7190
5127
3950
9542
6710
6790
3821
2171
7880
6147
9015
9351
7334
8343
9101
8935
2331
4035
9621
9627
1722
9606
3720
5320
6154
8221
2542
5513
479
8430
7758
2909
8971
2125
354
8812
8972
8827
2345
8763
8585
6957
3433
4460
8875
5348
4047
3287
626
6891
3342
3896
6549
8909
2548
2826
9865
1553
5638
3341
9523
7465
9159
5426
2801
2680
3128
3207
880
361
6052
7878
230
4281
5692
3568
5689
326
4237
7241
5745
6725
5458
9220
235
2092
9099
2598
6621
1602
3691
7777
2203
2498
4605
7119
790
7941
1581
3272
6141
5384
9684
4889
1872
4074
474
6034
7822
8858
6908
7213
667
3284
2715
1113
1557
3497
4783
630
504
3690
3050
3929
4387
1386
5754
6216
5331
6981
9458
9537
2334
2707
9626
7070
5141
7402
1046
7161
3140
1629
5053
3385
9614
7588
9146
8218
7301
6430
6755
2731
2405
1834
206
3739
1364
6784
7536
3443
9833
1815
8254
8998
388
7937
1986
1569
2699
8356
1926
398
2570
9116
7971
5518
1220
2696
5121
6382
7425
6022
2505
3526
5373
7438
7093
4006
1278
103
4948
47
6945
7745
8742
602
7482
7452
5984
1842
3093
8078
4830
9831
1326
9574
5461
8650
8721
928
4365
4637
7316
4546
1423
4303
2800
8982
4065
9754
5267
1311
3533
9707
3143
3843
3091
9877
3601
1918
6440
2093
2862
2589
8150
786
7378
3235
5183
4669
3527
424
1687
283
1226
6544
8532
8687
6607
4590
9443
5081
7828
7807
6153
6340
8606
3556
9174
9095
8005
5459
647
8107
8769
7259
3425
9
5596
6682
1935
3279
9541
8338
5422
7025
5230
6870
7113
2980
9344
7630
5647
9755
7055
8716
7466
5024
3889
9791
7734
2227
1031
3041
7447
9842
5706
2937
4174
7339
2429
3252
7216
2511
8740
9298
3758
5361
8645
9321
8142
1865
1946
5288
4017
4167
6259
6182
7837
4040
6723
158
111
3477
3192
6299
1549
3610
2293
1076
9068
2546
417
9988
5749
3138
9292
3169
2214
9094
6633
6277
1985
8438
727
4539
169
1109
6368
7594
8628
5276
2230
362
4788
2554
9031
5999
5492
9214
7128
897
1653
5084
2040
162
2219
9053
9268
6652
3157
5867
2140
636
7449
2483
4498
7397
5206
9173
4244
2249
8896
4897
7645
3280
6380
5926
4098
7380
1588
6892
8179
9869
6526
736
5293
3137
8435
9875
2060
9469
9731
7680
3036
4633
9451
5894
7969
4750
911
8276
7725
3052
4516
1806
499
7982
2223
9315
334
7595
7912
9519
9986
1037
1497
753
237
941
2540
1688
3998
5470
2581
6845
8916
2588
4511
485
3086
9961
9450
8841
6716
1140
9455
4990
6651
3650
8526
5515
1139
6483
7139
1883
4693
3245
5138
5774
4625
7817
1879
6121
5041
9712
3161
7728
6270
7428
7868
8096
6306
4440
8448
2926
628
2717
9999
3323
2018
9599
5275
8386
861
3311
7785
3479
1098
15
648
1016
5890
1529
552
1840
8806
4228
4517
700
4314
4308
4080
3088
3375
9645
8939
6576
9467
8198
6078
7456
4077
6212
8115
9552
8750
9914
5989
7521
4339
1796
2372
1085
30
5891
9416
1265
2003
7201
5942
7120
6236
9502
9435
9165
6335
4603
6528
8980
3101
6984
1603
7132
4012
5087
9982
8062
1238
1388
7993
7654
7422
5506
1680
5798
3753
4058
1394
7995
3031
6162
6579
1102
4813
2575
1993
7925
6011
3319
9929
8594
5898
8349
6358
1039
1940
6163
1779
5221
3166
5786
8689
8367
5768
6578
5670
2202
5978
9103
6729
1366
2735
9213
3033
5473
8800
3670
9465
4330
5419
2959
5033
2635
8217
6338
36
1204
7418
1511
6562
732
6862
1414
4827
2321
5115
2149
8975
9224
3904
7440
5313
4730
7349
8393
6782
6200
3600
9500
85
4969
6605
76
9425
9765
9071
7636
718
7690
1545
3042
7643
4999
6689
8159
6503
5632
1376
1551
593
4302
8421
6664
5366
3585
4484
2399
5448
1832
550
5969
8424
8484
1746
9555
7989
5522
4338
2887
8513
1570
7444
1070
524
469
2820
8230
7287
6469
115
9955
2875
2725
3925
3217
7560
678
6393
7869
8143
521
6252
1704
46
4350
6238
3063
8188
9868
3648
3788
8322
4862
7145
989
8562
1473
1183
4451
5372
5412
6687
6806
8177
571
7966
8631
4157
5218
8605
6569
5334
3495
1966
9083
4645
4361
7806
2714
8591
6394
8244
2330
7492
1594
6230
1271
5649
1564
9654
4984
7149
5205
938
7344
7140
7545
9992
634
7917
6513
8695
6339
4191
2815
4369
9889
5209
7739
1033
1644
2326
3379
621
915
2807
8792
1503
1657
2085
1715
4345
4221
1543
952
4733
5027
2367
1586
5975
5355
5523
7620
6003
2127
3187
3121
1729
6553
8849
2011
8937
7445
658
7303
7953
2090
1854
7682
1805
5603
186
7706
8362
3058
9052
8659
5015
6933
5161
7763
7066
5179
4929
3872
4294
867
4881
4649
3125
5012
9398
1411
8968
4687
340
764
4478
1110
2992
9428
9804
4131
1836
155
5149
4204
9912
2382
769
4357
1833
2797
7523
9806
8807
9966
5725
4643
7394
8427
3353
2622
6125
7354
1672
5806
6787
7453
9109
7183
5213
9905
5284
216
9067
4121
2136
676
1162
2385
8374
1668
451
1635
6412
129
3657
5751
5371
6847
6746
3742
8208
4534
2726
9578
2856
2467
6724
175
1382
8999
8308
8060
7714
2268
6593
4115
4839
5486
9205
9536
5853
9650
7813
5407
208
4835
1955
7207
2206
3624
2074
5071
793
8500
5810
2742
2679
9086
360
6799
5567
7944
1713
7202
3110
2436
8835
2078
1421
7293
663
6704
3439
8755
8713
990
924
7637
352
5464
8789
4787
5418
1684
3056
3133
2380
9844
2394
210
9032
8570
1169
4296
841
8963
5934
7480
2775
7017
6242
9096
8154
1890
1875
2870
687
6783
9282
9334
2115
7741
1357
9554
4370
9252
4046
5079
1527
9418
143
5479
6597
1488
9382
1838
4782
7034
5022
4715
1233
4960
4354
1909
629
916
6965
8265
5088
659
8833
4573
7716
189
614
6103
2643
5327
7686
3345
8440
185
6582
2381
2984
4927
6827
6294
3409
6707
3694
4024
885
2920
5889
5640
5561
3247
7960
7733
6301
1771
1747
1863
3908
1023
9202
6031
2167
5588
6887
5855
5823
4766
7162
6699
4340
3853
4949
487
9935
6273
2015
4865
5636
9588
9387
738
37
7284
9825
8762
5152
4710
9781
3094
556
380
8540
3454
2122
199
6117
8132
6739
5099
1559
1244
4976
381
8443
7826
4983
7955
4528
8804
9752
5675
3521
8
7796
7112
3424
5395
8617
2785
9258
8377
656
3978
4892
7199
6654
9430
141
2098
7253
8098
7335
8093
5019
5512
8949
1932
9703
6979
5468
9989
7709
5077
8231
3671
2124
1912
5068
6843
1643
4270
5943
2587
2209
4327
3699
256
3098
9276
3452
2088
2645
9838
5392
5945
7525
5594
4218
1819
9021
1487
6118
7371
7589
1068
8131
4807
4809
8758
1910
5737
6610
541
3090
6204
7648
7627
3524
2176
5860
1858
1565
5025
1528
6410
4964
6821
8346
692
5072
8523
2999
9994
7302
3488
3517
5029
3399
6990
8348
9336
5083
4903
7159
7129
2310
8576
9246
8974
3271
2536
9033
5840
4114
9302
5577
2774
6367
6253
6413
3181
1721
4215
2814
1417
5660
6072
1671
3044
8714
8920
969
225
9901
4227
6454
9975
7230
5587
9873
5961
2229
8089
368
5018
3726
134
8130
5453
9139
7531
6086
128
1607
6577
3331
8824
4848
9520
3233
2097
6997
9199
9834
2854
6646
4820
8692
910
9438
9727
563
1632
5971
582
3421
9104
1007
7867
1229
3432
3516
1685
1261
7340
9093
9000
5398
1869
7387
2412
9415
8784
8082
7750
2938
3729
7606
8101
9240
2433
1809
9630
4512
1778
494
4739
4514
2906
2309
9426
8863
653
1988
1408
4407
6769
8373
1078
5145
8342
5177
4137
8229
1851
3965
5748
7827
5438
6211
2884
7218
4088
522
6974
8401
2882
2851
9409
4337
4845
4580
5243
9269
6054
5895
2069
5631
763
7343
7131
5575
1187
2081
3242
34
2629
7169
672
1478
7913
2923
7143
4436
6439
1002
5900
5629
8267
1802
4397
635
2037
3808
4423
4691
9978
6095
1356
9543
8255
489
5039
3544
9030
4660
3761
1392
705
1853
8318
3710
268
281
1761
8077
8312
3060
3019
9172
6058
8857
4463
6317
4679
1190
3928
2943
4773
4947
9528
4037
1889
511
2728
3916
1813
3769
3620
6970
2034
7307
1295
7252
1302
2585
4784
2355
139
3633
5211
9259
2049
9849
7641
2265
427
8578
6813
9073
8123
7892
7476
5056
5988
9396
5710
3859
1575
6057
7783
7260
3277
6198
8928
4719
1957
8965
9296
6559
1182
9014
9572
1296
6438
7225
5112
9788
3297
8482
4273
4567
907
7175
955
4676
4734
6466
7577
5901
2601
2283
8503
9405
4377
8147
7311
7214
8302
2218
4059
3346
2628
5770
49
8553
5272
8044
1995
1651
8408
5701
9457
9207
1308
9485
6923
2839
7184
5679
8339
5490
7286
5661
9951
7737
9325
8070
4755
6229
3370
7396
9774
5544
7893
1949
8856
9604
5021
347
6547
3698
8924
5775
2670
5992
6384
7497
4650
2427
2352
9006
1641
8682
6590
6978
9413
3292
3759
89
7141
6372
3394
5457
3408
6643
3879
2012
116
3414
5155
6907
5167
9472
3459
9797
889
2199
2694
8010
1496
3957
3028
7367
618
998
1404
9267
6662
8510
8038
8162
2190
2553
7077
8122
4473
3559
3912
8979
8155
7412
3501
84
3730
7713
6767
3667
4501
4091
1202
6538
6950
7416
6983
8524
4411
5610
2423
6404
4332
6258
944
1784
5616
9998
8174
4021
2754
2830
950
8608
7936
9368
1934
1384
3014
190
6556
6127
7583
6591
5324
4178
7673
3639
2221
9952
5220
8071
7030
2591
9049
1718
8741
7003
9922
7681
6792
5240
1654
1103
6998
1950
1502
6268
3250
2314
9372
156
170
6741
4695
3007
6336
7640
6817
6245
7574
4864
6912
8282
4607
7564
3179
5329
7211
2071
8300
8186
7182
650
8335
3869
9182
4309
970
804
2058
1837
3721
6033
4615
6673
7919
5283
3139
96
3797
6005
2960
5356
7331
7231
8544
740
6632
7724
1080
9299
4591
6789
3548
2295
6625
8196
8087
3025
8347
3029
7406
3855
9155
3668
6949
3499
6109
1391
1712
9524
5154
1708
4320
1131
1192
4426
8517
5535
3626
9783
2240
5357
192
8019
6772
4138
9803
11
1725
1491
6312
7374
2285
649
5578
6160
4541
7104
5931
507
8908
9843
5092
7390
1625
6328
2808
4681
8886
8253
4799
3211
4259
1451
9891
5859
3367
2836
3022
9300
184
8838
7646
2790
1795
523
6146
5653
1305
7792
5790
1205
5783
688
9135
1577
1452
332
5148
837
8609
4123
2658
6354
4667
1346
5286
2827
9131
5
9011
7760
1821
7206
3307
9395
4475
9057
6264
378
9863
3182
238
6091
2032
64
9431
5537
2395
1320
5615
6645
4313
1961
1839
1387
7990
4863
7064
3589
3317
4386
4140
78
8284
9421
7852
8779
2445
1689
3069
7717
7985
3938
1381
9830
8745
7158
5223
6872
353
7789
9253
1907
520
81
2878
5280
2551
7991
8052
9612
9517
844
2740
9271
4392
8905
5655
7144
646
6717
6558
6303
9789
3224
8596
6698
3170
5924
5057
1297
3810
8960
9232
408
4155
9637
7267
1315
3274
8166
8669
8364
3102
2276
1617
7300
542
8901
4911
586
7623
977
1661
7309
553
5688
9105
9286
3336
1216
2448
6133
7942
9730
6883
2435
6663
5202
7778
4331
7769
8705
3825
7835
5250
5306
2217
6880
3770
501
4619
9506
5140
2863
2186
25
5879
3752
8371
2916
6600
3195
2759
4111
9708
6018
369
173
8018
8042
2627
7373
2657
9454
4506
3303
9538
2315
7353
6030
4609
7318
3212
243
3172
5290
9318
5251
7450
5601
9388
4179
23
4569
2196
2868
2791
3707
9400
8988
1652
7114
4618
1128
2252
6063
7570
4792
2656
9186
2990
3278
406
1079
7150
4435
3546
9738
7768
779
8238
4907
95
8458
1978
3848
4740
7376
9897
7676
9862
1989
639
8970
5226
7485
689
2881
5385
9054
4418
3185
132
1012
6776
9122
1374
3862
6631
5759
4186
4849
7844
100
4593
1189
5447
5614
2681
3815
2408
5804
7685
3048
9242
9817
8739
9297
4398
2896
9185
8020
10000
7164
933
6193
7276
699
832
6841
6409
9761
5665
4190
394
4335
7575
3751
5354
429
1427
2051
1472
8420
8676
2509
5552
8554
9179
2773
8872
9081
3381
9192
9920
5455
721
5909
8461
8855
3243
1389
7767
9778
2343
8074
3980
3460
9725
5287
5977
8775
6961
9493
7952
8885
3256
8213
9007
9582
7848
7671
9923
5791
9677
2033
6629
6915
5259
2647
6449
9056
6649
5789
9760
3485
3089
137
9925
5006
7332
6798
8376
4587
4692
7537
3483
7935
6067
9411
3503
7102
8734
7949
6820
3580
6374
9157
9883
7229
854
8671
7500
7168
7265
5134
6221
7341
1112
1752
6818
8866
3
9434
8171
783
4349
7405
3646
6201
7166
8697
2337
6015
7431
1378
5413
8281
8593
5981
4884
168
6456
8700
3576
5677
3286
4883
7473
7513
2046
4683
1532
6480
3359
2918
6863
6206
1622
4013
1465
2602
3735
4116
3500
2821
8444
1223
9009
5611
3103
5360
9312
1043
4285
1720
9048
3767
7263
7181
1827
383
5410
8359
6757
8183
8248
3652
5261
3237
5460
351
8918
1407
232
3189
1142
5244
7463
2129
9890
4442
6282
3269
8072
5880
4722
9787
8497
2473
8205
8227
1328
4323
4146
5321
9691
8946
8907
22
390
8325
6565
4652
1486
9535
4913
9549
7812
5923
8873
3273
9539
7957
7467
2313
8326
813
9959
1550
4474
5449
9739
3475
6640
3232
3953
1063
4572
2624
59
7916
6422
5915
456
149
6676
7255
8715
4592
5826
2067
1158
7205
8352
5109
7208
1222
3463
315
1878
1649
1099
2428
2898
3366
780
8350
7085
41
3637
9505
3708
4814
8309
2792
5020
3422
3111
2304
7585
5247
2191
3335
7155
5760
2159
5811
4915
5245
8466
3047
3803
8085
3523
6173
8598
8722
7251
5101
9723
1214
1916
5091
5555
5576
6900
1325
2350
8258
8515
1826
5059
5158
7749
8399
4458
2599
1125
3811
4904
5394
3924
3920
612
6100
3547
2955
9218
4682
6931
8358
4634
7865
1185
6941
6175
193
4461
5792
3406
8575
9601
6991
3486
5000
9001
3801
6626
2704
9698
7370
1992
5714
452
9826
4487
233
1850
3327
7424
4371
1867
4703
6586
9928
6502
9277
3632
3643
4957
8877
4678
314
2966
2289
1437
6523
4136
2666
7841
8774
7053
1991
1616
2911
744
4566
3289
1925
5558
6655
5906
7633
4081
8904
4307
6840
6706
5433
8172
2361
9024
8464
8501
9642
5444
7324
4223
4269
6688
4417
467
1011
5794
4243
9658
2183
1054
4394
8686
2079
1628
9936
554
164
5983
3407
7403
6866
6084
1166
7860
7572
673
2232
5947
7512
7772
4790
1075
3625
6169
4604
3474
4940
6811
3108
8538
9141
7446
4519
6397
1782
50
4982
2274
8414
4045
3163
2804
4871
3357
7430
1248
7223
9180
7417
8802
2993
1405
442
2841
7107
4289
4819
8306
6414
445
1309
5897
5911
8967
9460
7133
9402
7701
9581
2269
937
8881
7457
5705
5207
3828
1877
1719
2207
3419
3147
4702
5623
5114
5182
221
7060
3290
2958
5793
7090
7890
7809
4195
7415
8203
6214
2275
6530
8199
7911
775
7863
3539
6850
2979
2201
3225
7262
3676
7366
4452
9548
5695
7700
1676
4731
5873
4075
6779
2713
8161
1568
5651
9688
3429
7404
5036
9763
9832
1065
229
5309
6660
7222
6140
4321
6441
1393
1609
8145
7659
3746
6324
5214
5993
7170
5067
9363
4106
9169
9653
5339
8577
2222
4169
6023
3120
8413
4381
2010
8995
5994
8355
419
9577
2765
7838
4124
7780
9401
3792
114
2612
7234
1800
6869
1060
6537
9594
2853
6366
3722
7612
9546
6744
8156
6985
5566
580
1122
5624
1402
598
5998
7845
1082
9482
3472
6510
4905
4847
6969
6819
1765
3602
9019
9118
7692
7862
8673
8583
2189
9310
7106
4410
2989
6713
2169
4079
2236
4775
9613
6962
6937
1270
3511
4127
9342
6989
4087
4030
615
6290
331
2459
6455
5941
5893
6088
9801
7173
4384
4557
3210
2413
3442
1887
4070
9346
8516
7551
7711
2947
8847
9316
7468
5630
8730
4214
2871
6213
7698
2457
6445
6071
2894
4036
822
6992
435
7487
3736
3654
3214
7604
1816
3149
6879
9273
7529
6765
9758
8037
8507
3787
5465
7351
8313
4997
1825
3466
4347
4064
3542
1535
3819
7195
1038
1426
6602
1225
2327
2456
7134
5816
8324
8181
1409
6584
4996
7996
3190
5064
6589
6726
3470
8266
7931
153
3911
1512
8400
2890
3046
2496
7877
6157
4815
7873
5469
6888
289
3745
8236
2415
8025
6929
8926
4535
5827
3504
9256
8637
9888
7515
7740
3655
2693
3772
6395
1563
5333
7501
1495
4961
1579
4549
4318
7062
5204
5734
5317
3131
7879
3824
7774
8249
6219
711
3934
6305
862
2318
7581
5203
3266
4688
4319
3614
4165
2674
7902
4134
163
5541
8900
9359
7568
2077
9162
2919
6286
1066
6509
7461
9899
1786
9732
1424
5402
2466
8380
5841
6653
5903
5225
7886
9821
6648
4868
5397
741
5147
6243
8382
8331
3264
7702
4518
284
2842
4194
7033
1648
6287
6315
4023
7420
2664
75
3557
4445
1612
6434
6037
5773
590
4100
3520
9337
9439
3660
549
9121
4939
8134
8614
7611
8539
4304
8384
4066
4
7965
620
7196
7736
701
5946
4029
577
9491
63
5139
4399
4789
6139
6837
3574
9815
7072
708
105
4797
2974
2231
980
1546
4430
3974
5403
5863
8293
7458
269
3068
166
1847
5495
1322
9880
5343
297
5427
6145
9364
5876
8536
7395
2198
7667
9762
1552
441
2838
1400
5720
7776
1041
1566
5731
7566
5437
4570
3204
5669
1050
9857
6461
9893
7754
3835
6853
2796
9492
2998
3790
5191
9573
884
3841
1572
1152
1345
4600
9837
9876
4831
9080
7926
4891
9084
9243
8138
3017
5295
529
6630
4933
6778
5556
4352
3268
5382
7313
8818
8531
5070
5699
4196
181
5711
5877
1283
1329
2755
6272
2141
4953
6112
9915
1681
4000
4746
6868
2809
2997
4988
8846
2835
2460
4489
6794
4842
9878
4437
7067
3598
6432
5963
8581
5589
5732
3453
5532
6568
4325
2110
9854
3709
386
4803
9397
7898
7212
3040
1631
5319
6132
8485
6685
8086
6070
6890
913
3677
3543
1542
3221
1702
4257
298
6543
3066
5659
2594
3115
8860
4450
5962
8047
4341
6251
4781
8878
8931
3219
693
9728
5953
2778
9496
4563
3605
4031
5085
9665
8808
8732
8061
6371
6389
161
9807
5617
121
2900
9507
2066
936
1124
2874
505
1018
4936
2259
1595
7984
4859
3954
5106
1137
9771
6016
756
5869
7727
5996
9937
126
3344
8409
9956
7663
3967
8794
7442
1086
8587
6459
2212
3010
3478
273
3197
9229
9226
9514
3796
2101
875
2482
4375
1397
2710
3865
4552
1788
5735
9575
6885
2344
3100
6475
9330
6896
3989
633
9699
7855
8112
6924
7746
3686
9839
1709
7884
2931
6346
1733
4198
203
4725
9647
3780
7502
5696
2406
6805
8702
4238
5896
5049
1447
8667
6928
6573
8316
8902
6859
988
5168
2910
8985
5957
6043
4062
4906
9228
9751
3647
7530
3130
3070
9997
2832
253
6484
26
4219
3727
1914
7049
5277
2277
5719
4861
6334
3903
5741
1143
2844
61
9655
9504
280
1434
5375
6856
3316
8026
6373
5311
1769
9187
8375
410
4151
8610
1605
9237
2671
2407
1970
2104
8201
2819
9974
817
9704
3768
3913
3383
6222
4150
2185
8861
7924
4328
8108
5727
4500
5834
5756
6980
6667
5241
9957
2566
4614
5707
4054
2234
4584
9464
3514
2639
9819
7180
7157
864
7970
4857
9516
6658
5264
2649
8950
2831
9820
1735
7138
8006
7185
5227
3581
8879
2108
3124
4987
6059
5939
1010
3322
2376
7794
9580
836
8588
1556
7188
5842
3164
967
3642
5340
5318
4453
7359
5904
1069
4234
1597
7872
3360
7421
6909
585
5861
5135
5746
4585
3020
5572
4033
7561
29
5634
9151
9328
5369
1422
6964
9685
2044
3435
4250
4628
3076
147
7591
7273
3339
5307
2371
7847
5738
3310
6452
4211
9323
5948
8032
2089
4721
6542
2506
3977
5602
8079
7599
8351
3653
3799
8450
859
1348
300
2477
1939
7082
9666
5467
5870
3831
3914
389
9449
4934
5431
5606
9747
2173
8153
4732
3246
9678
8718
791
5635
3572
3451
9933
2806
3084
6926
3733
9667
2503
2369
7414
5908
304
1289
6731
4236
6570
4712
8481
7743
9304
5175
4577
4670
2845
9633
8365
5505
3856
7413
3218
5672
2535
7696
5474
9823
5414
6871
6612
9884
538
7541
6613
9477
8997
8135
3704
5546
8053
7656
9070
260
7051
9201
729
2443
9656
1350
5613
1201
8992
5424
7816
908
6519
5129
4749
799
2969
9648
8113
6207
9639
7091
5590
9846
9058
3390
1962
4912
7400
1164
8056
5771
1693
248
4362
6493
6588
2660
5609
8136
2816
9995
392
6849
4105
6321
9603
4701
5291
6062
3782
4774
4342
7883
8022
6075
4751
9934
8787
8899
6793
7810
8599
6407
8069
3275
3885
2810
9984
4505
2977
4118
9597
6822
9114
7506
963
3263
4741
5874
4160
5553
8075
8197
902
3106
9191
1874
5341
9856
3535
4834
7683
1401
4873
6269
209
1051
5591
3567
9193
4025
824
3314
2131
3465
5274
7629
4558
3142
2983
8786
5955
9241
7657
1508
749
4922
6722
4991
8993
3325
4612
6122
987
5063
6239
9773
9247
945
8034
7321
4055
5698
4662
8678
7532
3082
5808
7980
4717
3681
9741
6838
1351
8923
1776
4932
3481
5510
4272
2118
9097
6150
7071
3087
7237
9278
5743
5928
9013
8776
8799
5131
6040
5406
2944
745
2213
9490
5299
4704
6482
7346
7007
7247
5013
7388
7043
3551
3760
8429
9066
7408
6007
3623
2486
178
3445
8955
5778
4885
4110
6330
7518
7008
6848
760
2770
5933
1458
5871
8991
5847
5507
1083
3593
2419
5499
8761
6620
7486
4920
5752
3077
5508
6518
3555
7127
6897
5712
3455
3564
6946
7569
6858
4132
5342
5781
6681
5305
3153
3372
4925
1583
9624
1036
5198
4295
9887
6832
4825
3972
9930
432
7988
9040
6812
7304
7469
3447
7791
7600
6635
4765
6365
8889
2991
8777
4917
4808
5190
3305
73
7553
3071
9381
2346
3436
2897
2779
207
40
8261
9687
9322
8469
44
9175
8292
4798
4351
5639
8943
8640
8011
4706
3126
7976
1097
7677
8246
6995
666
420
8675
9478
8969
6906
2266
6050
4931
6737
1567
4464
2438
905
2059
9339
8911
8493
5976
7679
1540
5055
8223
5054
1767
3963
4852
5951
9230
3636
5166
5304
9429
9769
9463
7543
8914
5620
4193
2211
8111
152
4527
4496
3507
5586
4277
5075
3951
2879
4306
3462
7509
9212
8647
5818
3991
4617
8028
3847
3836
4462
3689
3604
4994
3922
9841
903
4143
8557
2329
2311
7524
9561
7
1416
3850
7738
4208
7825
6110
9513
9796
6418
312
4438
8425
7915
1706
9010
4632
3791
7549
5210
570
5685
1081
4119
5766
8767
2805
7507
7625
3201
3579
5365
5047
3026
6256
9631
1461
8520
6278
7943
6106
2961
1519
6470
9345
1857
4851
8422
4389
8844
6159
9390
4744
8206
5312
4468
8168
6963
5658
4800
4395
5089
3420
6026
1453
7258
8361
8620
4923
6557
3254
2641
2100
865
9357
4329
1664
7963
2711
6644
2307
6431
8635
2722
7109
3426
17
7040
2476
6490
7499
8235
4163
5726
5380
9870
8821
9354
2075
3285
3423
4022
6049
5717
9855
6954
5446
8341
2027
961
4838
6115
4979
6830
4594
7228
6810
5189
3208
6069
5269
2811
5845
8582
1115
9266
9776
3489
3167
3253
7279
6976
6149
8243
6194
1468
8247
1383
5107
9223
7689
3875
1698
3777
1596
9294
7961
8446
9663
7435
3936
6390
7014
5839
8545
1319
6468
8521
2470
4182
1981
5744
9078
6485
4041
8573
8966
4108
2156
3902
5443
6092
3891
6073
4675
9779
5322
6972
430
7875
2479
8194
2970
3766
3806
2485
4778
7058
7330
6846
4010
5684
3685
4493
5652
7240
7973
1774
9591
9305
3371
4086
1904
6047
6353
9313
8269
5436
3826
3444
9756
8073
8646
6113
5450
3549
3402
2869
9592
7280
2861
7426
9824
7052
5881
5265
8050
9720
5017
9617
2584
7021
4057
2962
7298
9836
9473
3947
4224
6993
5130
9038
7038
5562
2432
3403
6934
734
3183
7653
251
9534
9641
8291
788
5229
7137
5462
7317
7409
4368
2646
7798
1008
1175
3059
2866
981
8049
3038
573
2409
6735
8210
5031
8738
7753
7978
7508
9605
4125
4412
660
5169
4447
3905
3666
7281
8416
6060
8797
7393
5043
9737
6903
6905
6520
4112
9848
9489
9609
3917
6650
4254
4850
856
4561
7419
7004
6083
5625
4623
9130
6748
9107
8566
891
6417
4051
1358
7782
3984
5709
8080
7632
2514
2072
7068
1781
8428
7744
4404
800
8027
3700
1459
1024
9069
6831
7771
3035
6388
4503
7098
6913
7282
5180
133
4837
7567
7186
7945
1516
9564
4696
3712
2936
9750
4148
5828
1089
9221
55
5543
5724
5164
2973
2859
3594
9589
3948
1615
7358
9782
4050
3949
9695
2054
4981
6331
6943
3373
8133
8917
4415
3361
6295
6237
9882
4811
9255
8030
9560
2261
3315
1027
5119
5686
9424
4646
9718
7328
9845
3907
7475
3509
9132
8173
3241
4872
3116
1269
7675
5973
8560
6500
5409
7295
3961
4448
7125
8527
3918
9532
1123
5997
3789
9953
8158
7550
4550
8175
2036
2508
857
3078
2751
7037
5110
3288
9521
5557
7647
8117
4705
9649
8613
4898
8476
6308
8895
5233
818
8467
9077
4152
3174
5325
3515
5626
5605
9154
7818
605
8586
8828
4630
4246
6465
8224
5302
9470
1999
8978
6473
4265
2867
8803
3446
9616
4376
537
2949
6360
4393
6074
8882
6185
794
4230
3995
3964
7928
8192
2908
5117
6893
7027
3714
7029
2471
7803
1373
3259
9441
3365
4971
5987
890
8994
3213
4882
4879
2552
9022
5069
9927
9939
7069
7044
2633
9692
5740
7624
3802
3005
6304
4977
3990
2840
3021
7481
6675
5864
355
8097
4677
5236
3552
2941
5192
7981
3561
4109
6223
6196
1846
7695
6756
2996