31327
15609
13833
10737
3035
23655
14934
23171
4608
4521
5569
24557
7934
26172
11170
20667
28035
28454
11704
1345
27615
15241
8298
6867
614
4472
29779
14137
6421
27913
22782
8285
8313
30124
11502
31815
8653
23995
12002
19787
6755
24658
21591
32385
9797
20832
26957
5238
15899
29694
23886
22049
3151
2816
25005
537
7536
22474
15628
25605
28628
31590
30752
24147
9858
28115
18361
15405
25422
32671
22524
24488
3142
6584
23795
8255
77
12159
3145
28033
32518
5918
25678
2566
18420
15387
25665
29351
13535
24622
6607
17902
21369
24144
10199
16332
16961
9237
10864
7562
21672
21819
7213
32258
17010
19843
8352
4623
26208
29887
22556
12610
20492
6445
8383
9943
11540
17411
26800
19175
19834
15435
30118
15327
18251
11249
17834
19504
32127
6939
27933
30792
3617
13752
5628
30914
27568
3932
1123
17625
9668
22859
17488
6435
9460
16084
25770
22140
24056
23520
25474
19775
16395
458
12184
18621
25235
15985
25377
28391
13828
22924
7111
18510
15362
15422
5106
1102
2758
30443
24902
19845
8130
22857
31853
17034
17800
20666
30230
26332
4328
217
32061
8217
14680
19026
6829
4977
20634
13304
17860
30553
7576
27153
13943
11652
7827
18420
6293
14607
30332
8151
1104
25852
18850
13538
24569
12001
19854
7048
3851
18913
4139
29718
4715
19932
14891
13196
32238
26339
20645
28333
26396
6383
14851
23378
12596
27602
2587
31747
23152
4973
22940
10696
11913
26660
11436
28733
638
17295
11471
28645
23954
5490
14859
15040
13203
17648
5962
24352
5218
12795
13823
5304
29872
27407
25868
16374
29702
27424
26340
16275
17416
29649
13036
14440
5370
22502
26152
21379
11139
18940
10003
8826
945
887
206
7679
9534
22461
31101
29365
3346
1954
26607
4162
20488
26914
19581
11942
23285
14166
12596
15819
29671
7841
21814
29532
24746
22827
10077
27355
22161
28560
21538
3054
6002
29145
27325
11002
24563
15531
23950
6131
2820
7870
25020
3955
3757
29329
29212
16905
13834
92
31060
26067
15508
15431
26432
1615
11937
13529
13716
1646
13103
17843
8131
2282
8925
25214
4640
13018
4154
3618
5187
31876
9538
21048
12975
1138
31270
19139
11186
6344
18764
6682
25484
27348
9367
22825
25555
8423
4072
22489
27157
14947
9445
16845
18880
31254
9209
31567
9535
19142
5787
19082
16998
21005
26324
8441
32272
9576
4091
6431
8966
21898
19652
31865
10275
17398
26233
26033
6582
30412
2438
21268
12840
24291
17211
15686
26079
17433
3278
1588
26209
19431
1951
21579
24765
20025
20160
11752
31527
27772
437
26895
21986
7928
27768
17247
4963
11360
28865
13893
11187
16295
5251
23409
3861
4118
22970
30086
23529
20380
17252
28950
11216
21349
11213
29133
15377
10925
20496
16364
30011
6103
13531
10745
5644
8121
18546
11957
1426
9019
26103
847
4240
14112
7656
18903
5667
11811
26601
3061
26533
2374
8644
19931
24530
16999
32686
19832
29993
9492
20940
16879
19349
10656
17141
12103
2381
1654
29882
8804
29433
27566
7331
26934
4886
7390
1724
6960
28827
23859
8528
1532
6365
25024
30197
21101
176
15893
13256
30133
207
32532
12026
17112
29054
26624
31116
12384
10605
1495
31062
9811
25568
3298
8014
26722
21005
13450
9223
28771
23493
1389
28024
19713
21335
19889
511
22706
8370
12184
11430
23786
10185
32341
13988
30095
28220
23839
23079
18604
17460
21635
21072
26217
29838
20990
11391
25915
16445
17867
16082
3672
10473
21242
26600
11886
20188
17858
31723
24212
26143
17432
717
22913
1760
27776
11217
12539
23831
22308
6734
30611
31594
11555
28592
12944
21837
18987
14015
10281
9325
7242
5156
24055
15695
13825
24616
23465
5940
18075
3520
1530
2881
27836
711
9696
3804
5949
17802
28678
27993
26679
9097
8317
17622
20062
13692
32431
19043
18577
25749
23956
6503
1967
21765
27688
4671
25259
22977
27164
3111
20707
21894
5323
24158
24237
11546
24689
1157
20531
11990
20887
25160
26242
4961
2770
27201
31453
31678
25261
11289
25687
4233
5604
3569
23457
9853
27091
13568
20768
3130
21293
24957
26946
25925
29937
16831
4883
13905
2970
163
27915
1725
6295
4910
27690
15197
25082
2419
31048
3709
6772
26295
30886
18723
17793
17620
28616
8597
11232
18139
15751
25371
29766
7933
6242
17158
13395
11180
18197
1777
3525
28669
18285
24647
11244
27473
22362
8454
13662
5172
5190
11714
1515
31365
9381
20716
17619
21720
8141
21332
11063
32024
10248
32237
3790
8305
27368
26832
1241
9836
31707
15236
12633
4956
15615
17021
5759
27130
19000
32226
30820
20556
6783
3476
10490
31691
19325
7787
20547
10436
19288
15555
1216
8447
21709
12343
18477
5535
29055
17580
15467
20553
30350
9362
9406
32648
12140
10342
1848
8816
10988
16251
629
22402
24220
22011
11145
4816
5205
23592
2103
32610
22032
21224
31076
4055
19451
385
10698
591
16589
14497
21745
23433
16470
18081
31323
7497
1114
266
20735
15357
9119
1881
3834
6047
14149
8959
22912
31709
27222
26796
28952
27512
10142
32461
28169
15082
22973
11604
8463
15947
29050
6839
27731
3701
9818
23099
10394
10599
9586
12146
27325
29159
8825
11010
15705
21100
32545
1193
8903
1850
31911
22142
29519
21455
11177
7546
27544
10110
3641
9014
32611
30042
8239
13558
17529
17237
14787
19431
2530
13481
91
2725
28504
4983
22945
13312
4348
7598
5337
32512
6983
6447
15986
27687
23362
29487
20954
32757
7930
28380
15767
1714
31278
10051
28052
17767
17228
26737
20408
15406
23708
9176
1725
23979
7610
1013
16192
24539
29001
25392
23316
2572
31462
10756
26332
9261
22875
22623
3545
27464
22805
15948
32768
12109
10969
10191
32336
32273
29362
16
354
32662
17198
12220
11842
26509
22729
15017
3453
8217
10666
24761
14459
4566
7565
17920
28943
11546
513
26153
22349
6267
3795
22293
12700
10385
3786
7878
31500
1277
148
8316
11241
7849
17409
25885
28816
23378
10095
17114
17025
6724
27014
10256
6070
30309
805
3436
7219
26997
19867
21331
10719
13460
22811
3713
29330
12805
1898
2032
4207
29745
16091
29691
28788
21999
18813
9411
19279
24578
13459
15314
8307
10211
17476
7934
26476
3010
20372
13456
27503
28615
6291
