31363
2769
13731
13290
18192
1313
16403
23739
22395
2429
3942
25042
22085
11574
25908
14778
28121
1756
31842
30740
22113
21692
9622
18492
30174
27815
2029
31529
18040
22773
23025
11413
30482
18122
9925
17246
31266
10648
29603
20781
30400
14309
22921
5461
20477
9551
26414
9982
13941
15821
24379
2690
30760
17975
9912
13847
645
17929
30660
18863
19144
7780
11402
32284
4230
4693
13936
3960
11910
9306
5521
9924
28115
27938
25710
1743
3855
20373
19424
89
32266
11796
29522
29049
25492
1282
16684
21564
2447
3715
32658
8335
17736
21379
14671
1375
23559
19963
25356
15614
5604
111
9414
201
29405
9916
22399
24584
13862
25616
2867
32277
15296
4666
10509
31681
19533
5668
1499
4083
25379
23965
30912
5010
6815
27228
18984
1189
12987
3650
3841
17593
26083
15584
17449
5763
5
5689
15906
7879
27624
3785
16653
27769
10942
22726
21718
19489
27132
29349
10668
27268
11113
32480
8372
2688
13173
18679
19710
21048
12749
7093
184
29553
22572
19636
15009
13116
21364
8483
1985
5334
23293
28615
11608
11212
18989
9280
12052
22882
30793
1934
1414
31030
17034
29139
6359
16673
31860
18778
21431
22622
14947
29401
25239
27118
10855
5875
29464
13882
28497
24833
1987
26619
12814
6930
13306
12375
23860
19248
21550
28236
14043
13798
5715
25938
19630
27135
26257
18236
26178
14735
5181
5472
29094
17464
17159
7415
7739
30374
31861
4807
6597
9052
30096
4607
9155
6323
23773
610
27388
22559
17550
10663
26971
21173
31994
27680
12796
20202
29515
155
25991
23454
26742
7046
16573
29785
5233
21846
31056
15060
2464
20521
23800
27067
27792
24745
26307
25777
21479
15924
16045
2453
25755
32315
22384
9987
32355
24296
7837
15390
3179
9476
29420
25997
20044
4375
21712
7108
11579
12241
1359
9861
29056
2472
1809
27046
27691
30147
13751
28436
26882
5143
26478
21016
31933
13008
19651
28633
886
8946
697
291
25435
16448
2840
358
26534
12381
7945
1794
18383
7473
4064
28865
12031
28302
10809
3237
22473
18195
20294
7141
4117
18513
14439
22578
14684
25133
6395
24126
6427
12677
4727
8575
3457
12823
11957
19761
31339
18334
21646
13978
659
25149
27306
17553
24836
16929
7319
28737
30418
7779
30233
17195
24839
13099
18625
30314
10976
31515
4033
5947
28730
6123
17919
21692
1095
11856
25192
23284
28805
14627
28295
24340
24561
6079
27478
16636
19064
23467
30804
26113
29870
6521
28887
12526
6082
16621
29604
15176
17842
16482
2237
13271
23995
30570
22906
1633
9492
15541
11995
12473
22491
31540
10781
26873
18000
10877
27531
30987
21057
9842
7063
29550
24773
10781
2601
9526
5165
29151
22583
26965
25144
18634
24470
16666
23174
1355
19728
22007
12623
14604
8374
18567
25173
6168
2167
28879
23
23361
18674
29637
840
8639
10377
21006
11903
5657
4279
21516
23088
23113
22947
30488
15579
32539
29685
16396
899
2774
25832
5893
20066
21278
18592
4199
26075
11801
20159
18209
15280
16081
25907
11314
3189
24793
1361
28524
13637
30516
22312
25975
4531
8818
7951
3866
30211
8732
10625
9654
6555
25938
10539
20755
1460
3763
15170
27231
23637
28541
1562
28788
2946
15861
9717
4442
16561
2826
23577
27917
12413
15157
13349
30080
1694
1699
5028
4065
4633
17558
26595
23327
436
1545
26112
16298
17581
17299
4420
11386
25515
8845
31666
9554
26101
5495
29920
1606
5858
23448
6918
8315
16273
9189
597
5166
10457
22308
26250
3063
31107
19793
6850
15695
17591
29249
11152
21073
23733
7557
26445
8381
15814
8593
16559
21058
9585
22046
16285
25085
10737
8652
29762
4925
26087
18188
8289
17801
3149
30781
2792
18916
30891
30485
12743
7503
3981
17219
19970
11408
820
7250
24069
1330
20620
23249
10809
6093
2142
25777
30676
28551
14535
16622
24053
731
2793
3698
28912
409
26848
25142
14310
17454
16375
20650
8346
16422
13084
9815
25983
9711
20882
5058
6678
3040
9702
20628
20854
19065
12580
31225
4908
28141
9802
12358
4678
24797
31229
14302
23211
13415
6779
8534
26798
10591
25553
15575
24290
24284
9294
23748
20015
18935
17719
11165
17445
23247
27580
6436
5009
29393
9771
8894
2894
4150
31076
31515
3934
21196
25229
21785
18489
15866
8455
21990
23653
23550
23712
29285
26695
9850
31754
15316
10297
22575
16268
24491
2269
3080
29687
24263
4528
19802
20956
16327
24034
32106
23804
16567
5989
12848
22528
19436
10308
29274
8298
13358
5686
29332
1740
31773
15475
14343
30519
11469
22470
17439
1527
32692
6371
11666
13437
24518
12540
19102
669
1502
3215
20626
8186
13408
12418
3215
20926
22044
28017
6544
24718
1142
23879
14248
8893
14532
24331
10379
30399
11512
1277
13648
16865
12159
10466
16757
18232
28265
6812
3876
27351
32201
7421
6324
13637
7519
9437
9075
11055
372
3690
28579
19801
8966
15552
10690
21722
23333
22458
271
32649
19869
7175
1865
179
26325
29056
15802
27151
28919
15288
29556
8435
1105
6357
22747
13255
22268
671
27747
9147
12219
1495
9371
30389
37
970
31595
9613
27143
12838
16025
14973
13316
19723
18834
13267
29054
12133
3176
32489
25018
17786
1047
8023
19006
3519
2060
22119
20606
7152
4328
24266
5816
21087
23681
4233
8221
17805
4905
318
16433
32247
21044
29827
6516
3122
16308
12459
28482
9018
2951
2992
20216
11528
404
17517
21592
3426
4433
31757
3375
1783
28297
25540
16436
30379
12124
29373
6964
22832
2951
14419
3180
20182
8421
7811
19255
4516
24886
12449
21481
4519
3360
14923
23290
11146
24691
21148
31591
11623
21425
10145
9301
7645
5838
7697
2551
31075
10548
6456
7603
23003
13066
32565
20864
15467
950
19813
10899
22920
22944
20767
26426
17235
22329
22690
15368
15913
18749
28747
27698
1909
8757
12
16697
32457
20287
23833
9673
25902
18961
9188
26594
9912
3132
28236
26165
25181
18350
14865
11473
9222
2171
5004
17662
1255
9181
22685
15465
9740
6265
10212
10114
14645
17379
20532
8995
3044
4453
21572
6514
18612
1532
22184
19976
25324
19876
512
30035
24660
11733
16752
23352
30024
334
23888
23805
9994
8465
20516
14951
26717
24239
26574
543
25679
29637
1794
7514
27478
2759
6907
16057
13982
17660
6508
14446
30114
25034
6842
32161
23034
27444
25704
21266
5491
2977
30675
29439
32357
28895
31007
10312
20033
24679
625
9425
11882
24803
14174
5928
1862
7405
11428
17256
17812
25370
30744
9053
2560
26423
31968
20968
30452
10450
18402
17829
4274
8957
4220
7884
25504
10574
12662
3157
25826
5674
11829
3168
16686
11843
6193
3027
3548
23904
26793
10565
4157
12381
8853
7963
3886
12402
20700
6384
25325
952
13511
30779
14123
30440
14517
19499
13154
21606
31505
214
32104
11391
1410
2451
19013
29423
1121
2724
28994
5543
4720
17945
13634
28877
27849
20464
14421
17411
8980
19841
19851
3308
6141
17434
7430
27372
26086
15078
20051
28720
31704
13331
11515
1007
1728
16691
31572
14831
31448
14051
26525
17226
20835
17323
22346
23666
20125
28198
31901
23667
25586
15971
27254
18808
622
5770
6764
5777
29045
32451
6428
28339
32180
26707
19649
12545
5207
11272
2566
585
7804
18392
27416
6098
12520
8133
7422
8021
25593
17924
5933
26697
26588
3677
29015
12899
10496
28885
19333
17758
6347
32651
31845
13816
28299
29664
31205
31805
29871
5850
12288
16135
13879
2251
14808
30918
8297
11309
12550
22909
27846
14289
1838
2573
26428
13369
7638
13494
25757
26690
4216
30427
32080
30981
25813
8197
24647
16640
5517
25131
21040
8817
10989
22321
11504
22787
22024
32686
29517
3756
16905
7922
19690
14294
4039
6216
32377
31421
12186
12664
12844
9752
3438
24208
9324
31483
17173
31460
2254
19964
17634
4948
15171
17301
15475
9677
4495
11209
1486
31251
24828
16650
688
30653
3151
20059
14369
7553
11771
178
27212
32177
12949
26528
10894
25606
30600
26931
3021
2205
16906
11548
28939
29759
8782
17165
10810
31205
5883
2149
21330
27003
1246
4367
10658
24549
22235
6055
19299
22592
23082
14559
5523
25194
10944
32290
5121
8900
17418
31607
14244
32566
2529
1191
18224
7540
23995
15778
15851
5760
5150
2591
3261
881
24155
8323
29063
18290
31864
17412
22710
15117
19310
27150
32024
7338
917
20197
14830
27218
15196
15757
17218
2233
573
3815
14459
23420
10224
9244
17710
12967
991
24638
17463
12666
20699
25901
6409
4717
28941
6072
13122
27761
11823
12037
28803
23929
18940
21299
20606
15929
29412
3901
12112
17197
28933
6690
31250
11998
8023
15171
4522
31073
1318
19980
20455
4384
9158
10454
25294
6365
19586
27404
29230
18163
4821
30349
17275
18911
11997
6226
20440
22016
25612
9297
118
16539
16417
2209
1309
19490
18006
7134
30984
2486
23259
10959
18934
29674
644
2374
5502
9930
19135
10824
28835
22812
28104
878
19880
31461
1824
16267
29734
7471
27707
1167
16219
1802
32120
20652
5829
7121
855
12983
21743
30382
27623
25040
4236
24416
31869
30789
31682
31804
19371
21940
19912
25970
6000
27760
27315
32146
19373
32294
15757
13135
19672
3009
30888
4226
23284
31882
12337
14962
8385
16532
776
18258
17200
29271
17871
3339
1305
15259
25666
19772
21296
408
27846
25215
19510
7259
31300
21231
6508
7531
28727
27623
11085
27053
15620
19212
11900
10885
5771
30861
19708
23102
25851
30377
3999
28588
20458
27250
29633
27919
8613
16849
2357
22075
29892
31435
11392
20982
24578
28674
12613
31394
5196
20095
4353
8732
8472
6318
29177
3299
21240
23210
6768
26749
24687
29627
9244
278
22787
6430
987
31339
2707
30212
14755
4070
20715
3292
15543
8202
918
15829
30753
1810
30195
5791
27484
3285
15756
20338
17233
27117
12962
6482
32645
10264
24333
8593
30608
25054
20291
28309
21713
9589
31158
31196
21600
32481
12387
11068
25924
27999
20647
6512
30438
18436
9557
13264
3014
21922
12039
14688
25709
7147
18097
8460
22179
10713
20092
22322
9441
24909
25809
29793
27145
1014
19891
20833
27989
1908
1619
7283
29325
29885
14046
21465
23166
22208
30362
18841
10151
31817
5681
5247
15157
4389
25677
4705
24114
21126
8292
24486
27385
25257
4054
26633
10989
32693
26933
29851
15466
8679
2531
23303
5372
17644
10723
12826
29647
24718
489
12163
22631
21651
6067
4823
20881
19426
9372
16856
14490
23272
19055
31222
11454
23866
2681
15126
25315
22140
13026
20371
7560
23169
13885
5506
24824
16563
8541
27963
14275
9910
9066
28949
7022
1608
23605
23152
21866
25196
25801
14329
27715
20423
17987
22825
28954
23626
21219
4879
16725
6673
5474
16976
4245
20875
19078
11884
20200
7900
6389
12866
16193
32383
31559
19927
21029
3376
4190
1363
6310
32521
17914
12620
25493
4587
4488
9287
25332
32543
11067
18812
22954
12349
32606
8410
14714
15181
18921
15435
15158
27181
4178
8761
18224
20787
28069
14673
16882
14610
25815
8583
4399
24578
11608
7770
27897
22043
11751
30297
20787
30978
6570
27622
9034
21192
25470
13114
24608
24591
31628
2473
26185
367
2845
21031
12410
7192
8879
23308
5182
11704
3655
12564
22763
22431
17418
9130
15061
9505
8455
24166
11969
4411
26712
15316
31133
3962
14441
13687
28782
7193
27287
5389
29833
5993
4349
19221
6
28790
1674
3727
22130
25320
17751
10755
11716
19495
30520
6596
25490
23491
29842
24438
4741
8978
9580
11982
7179
18459
30920
22425
31307
24498
26163
4352
28254
13029
11675
2570
24252
29591
18785
25442
31220
9323
18095
30299
29089
14308
30732
3377
24985
10954
13869
28818
14183
7631
8974
28252
11772
12914
9026
15785
12705
12068
392
25609
16432
11945
28830
14
6532
24258
24410
7438
21550
4617
21238
29732
10857
10524
15276
15992
4945
5885
30594
31936
31823
1209
30568
22535
14040
22600
14976
32685
28247
8885
5053
10416
14951
14719
28079
4649
8518
32574
157
13082
7814
8073
11989
30054
518
16920
31552
8737
15137
31014
20025
25354
25637
28441
31903
32086
8711
5989
17705
10672
11349
26286
14330
11645
4459
22061
15478
6500
2794
13908
10579
20750
30310
5301
8947
16426
18015
14624
13297
24757
32627
32267
21498
30328
5585
2103
20702
9170
16113
8593
19942
15287
2947
15191
19817
29945
23973
23419
30874
25286
3928
31052
6564
22131
23861
3411
31737
3703
26972
22651
9958
22203
27310
9846
9836
32273
23612
3931
22091
17665
16638
31892
25439
10700
20425
29943
30511
13739
7035
29747
16836
12120
2937
20846
21943
22223
14427
31020
2702
3670
229
32371
22857
5307
27449
18221
26423
13533
9804
22477
13070
3693
16279
565
6203
23542
24847
31703
7287
23067
11094
7963
15259
13345
51
23553
9653
6573
20800
7176
9051
25038
18146
7502
5183
24381
21374
2296
15364
18916
1770
18644
20816
24990
13858
24637
803
11838
19261
19520
26727
210
20895
12029
3528
6697
4719
19023
5573
6802
21836
3503
7943
7911
6459
15189
25842
11978
23012
26785
20091
24623
13567
23994
24377
21531
1033
6261
16062
28842
15931
30328
18983
31831
14012
19103
25586
32376
2838
24990
30224
2312
21991
14824
23099
20393
31193
29392
7306
12265
6355
14062
19523
3781
2929
9669
20208
12140
27826
162
27061
26437
3569
7879
29920
21298
26391
27849
28098
29207
22286
31543
23230
18582
18553
24700
13727
29213
3746
29191
20526
17187
3763
6313
26373
24750
2346
17470
22174
28953
6023
17039
9903
18964
12871
32119
24506
16364
21270
25669
24287
31245
1857
1122
7158
28869
1642
5428
5594
30794
8575
31553
22791
31999
7661
1688
21608
21747
20752
28781
28778
19114
4078
23555
7253
17697
18214
24271
17884
12556
20259
21466
28403
3938
20629
32359
21984
19739
19746
16342
25493
18489
8280
25800
21565
9733
3303
19844
19989
24219
10765
30105
23165
8616
17745
7877
30031
30835
3188
8982
9839
18714
5029
12879
22947
7966
3060
32397
26789
23842
15881
7210
2935
15344
7446
6370
8951
15037
1546
3636
4531
25774
32520
13067
5886
3995
2839
12446
24644
30738
26139
16021
17562
24223
15620
19053
24217
2634
13893
11805
30829
21602
24199
14842
32297
8569
19871
5592
27229
27568
6078
15730
24811
16949
24296
7180
27670
25097
6312
2902
4060
19463
23553
14740
10118
31778
19367
15100
16765
9710
28784
19039
27999
6754
6149
32012
12370
15068
3037
28146
5017
7525
13420
9220
357
17974
31895
14306
25581
6780
2412
31925
15040
28761
6672
12378
6746
24619
9208
30404
18934
15120
32604
9371
29604
19114
14313
7465
6811
15903
21943
18295
19408
26724
12922
24243
15560
13244
12028
8661
19626
28283
23755
9859
7064
21776
28718
21297
11327
32066
3678
17548
17325
1722
19443
8729
31587
13506
28573
9753
14764
21836
19732
23729
1069
6454
19538
24135
24764
16844
28927
2351
14454
18319
30253
32391
28939
24117
21061
26207
12381
31216
14145
16158
32330
14835
25372
15392
14533
23603
21639
30628
3628
7786
14302
31718
29141
12386
8282
26504
16107
7024
24968
12598
32120
17214
7418
20106
32194
25550
22588
16941
15835
12476
12041
21824
19828
31172
30143
32762
9202
30851
24593
17810
7364
11138
32764
1887
3571
25200
12540
4926
11514
24495
17279
28980
13785
13075
31898
13396
2149
12774
15867
21219
12258
12335
27167
18875
2259
24371
22725
3821
30993
30013
28578
6058
28187
667
13142
30052
5549
6121
25759
20016
1172
8594
32204
13423
16320
7315
9333
8621
23451
2178
25450
6345
9625
15055
16617
13142
3088
30539
1300
7746
14411
29158
17569
18869
3802
7613
980
20540
2603
27988
1450
22823
9055
26655
7000
31280
15702
14664
2035
23645
17932
7084
19569
10279
553
18215
28624
31963
14035
17169
6037
30529
9671
16904
1144
2940
4008
27376
18270
13873
12438
13113
17031
18667
27395
11872
19209
21950
5314
30393
32381
32299
6753
4971
8440
10564
27833
32700
5949
25872
27843
14223
20784
30513
18862
27946
14478
24772
1326
19517
30684
22921
4630
28192
11677
1604
16681
25437
24520
28259
28717
30318
17273
29920
12098
3016
11495
22633
20594
17176
15254
32447
5513
15820
5838
3932
28711
11989
20043
8536
2067
6059
13110
141
31698
22162
15700
19962
3961
27165
20606
32613
15807
3568
30289
580
24406
5321
24614
1502
23676
9154
17732
12462
7373
13008
29013
17672
10587
30352
5911
30975
13568
5955
15188
1413
32499
22806
19476
12500
17306
6568
14353
22541
12191
18118
6763
15391
2374
12921
20125
5611
1022
26690
176
13734
29238
26532
3503
12670
18801
26595
18522
26496
11421
2316
30238
22201
28832
5685
6213
5019
20277
15622
21867
23459
15350
24184
5937
3129
4025
23773
12341
216
32288
2849
7745
7278
2412
8527
15554
518
26770
23126
31612
16548
5009
7950
28029
30320
27138
25206
17487
12055
10225
4928
2930
367
7403
18063
14345
12378
22872
32767
24788
21228
17932
15078
12894
18384
23064
6361
29560
30695
25318
22898
11749
11315
4741
32593
20311
31476
18497
18017
22171
4112
18295
20316
24848
21688
20647
9362
11357
14921
20683
31718
24675
11376
6887
23065
13681
28306
24546
31563
19127
26731
22676
9406
16638
9717
22048
17374
28054
3723
11396
32382
14735
5966
11118
6245
300
29896
6482
21001
1940
4047
25785
9370
21195
16812
32732
32578
993
7037
6769
27052
32617
15576
11717
12227
31277
32177
3851
31420
15904
28542
31731
31574
15252
31128
21887
2400
15021
5349
32019
23676
16662
27316
1995
16932
32754
23272
15376
29930
24086
11609
3438
30980
29301
29303
2720
8711
731
22321
29165
9715
23263
28693
24504
24944
3859
16312
19282
12631
125
31832
17938
1396
13387
22720
12456
4235
21442
21612
23214
14744
26744
22254
16512
12891
10435
6800
23374
22292
26737
10811
14191
15244
441
30359
17656
2388
19058
18036
5774
4945
27011
1641
632
17017
8347
15290
23032
16343
24098
7807
10972
32725
11119
7939
16208
4794
19259
23147
20470
24178
7253
17048
7225
9614
5272
32078
23774
32651
26651
16021
17627
9815
12455
8799
1133
15633
10606
18796
613
29712
21241
15723
16322
11816
4963
24674
6533
2856
9925
27471
23745
31655
29681
16400
24818
16897
6499
4736
7311
1180
18036
11491
26595
21872
13521
21380
25112
21190
22060
2972
11413
17727
2609
18806
28810
24345
28860
18897
25288
174
11337
6790
14807
9789
10412
5738
19010
25325
14850
22646
15670
3343
10215
27173
5451
32676
30953
12574
30114
5407
4669
24595
24368
16236
32689
28393
22617
24880
30690
24089
12993
19539
28847
18774
25439
2492
22509
3440
8403
20059
17500
1400
15353
16749
13018
8997
26302
30715
9175
26230
23858
18852
11529
30873
9439
25245
21345
28172
22106
14070
16701
29698
9495
15135
11487
27912
6529
1450
798
16616
12618
15954
10843
25549
23040
32317
29111
22697
31202
1406
131
13012
31473
27102
23033
23286
3146
8924
18729
6950
3506
5874
18741
13907
22899
3610
15809
3811
24679
11665
4006
8347
19538
24795
486
20927
7284
21511
21221
24442
28767
25396
32214
27007
29959
9044
12403
24817
10264
26672
18673
24193
25996
27565
28723
9174
29564
31309
9278
19505
54
18680
18157
28753
18065
22525
1253
16788
19581
1876
10444
24672
28638
16422
11958
29121
13723
22414
11232
14419
3825
3746
24225
13411
2318
21421
31389
3921
6875
10431
1340
22072
1305
21352
22107
18385
30895
14784
4417
14741
30530
4266
10708
22562
8711
16218
18956
18144
27349
7189
11177
25316
23423
26168
14881
11541
26464
8572
4317
8077
31543
13944
10660
29250
16182
31848
20312
4837
16213
4140
10464
21514
28140
7316
28773
6026
13441
30682
10945
30757
1758
14960
29492
13932
11367
13052
12121
27871
13227
23458
16217
20306
17465
13441
32351
31125
17077
10112
10060
4435
31531
22858
29099
16187
17826
2967
31463
17246
22773
29870
20411
10456
16350
12327
10731
23731
9300
11510
13874
11272
25879
15525
30331
28007
10633
10209
5204
22905
26559
27704
14239
22244
4312
1825
13706
15727
22413
29245
11202
21607
17674
13532
23524
4161
4092
11971
23349
21376
27116
45
27282
14042
14027
13071
2730
7318
25294
2464
8298
4920
19068
5657
15801
19296
26885
32697
25190
9456
16597
6413
18782
5997
12905
11118
5667
31144
13665
7115
30329
27805
10199
19625
3171
28059
10224
24935
13389
21413
11184
18119
31627
15385
19219
9386
23298
10895
28761
7451
2597
24580
25249
31887
32292
11576
24249
16235
26975
17492
12853
4295
20257
19920
3262
9842
32651
17556
31661
7734
4046
23901
17369
16477
8862
32099
3500
19315
5347
1081
6013
11598
25265
27892
25113
19788
22650
2703
2979
19420
25730
25486
19615
23360
7316
28898
19273
5521
19444
17421
14635
29699
7572
22662
28398
19306
13962
5215
31345
29181
21698
15397
21272
29274
17904
24072
10343
28619
19145
30779
32463
8136
14963
24222
3783
31933
31290
9115
6687
5645
7556
2125
11153
8534
16903
14312
29850
12535
31801
21077
15752
13263
26632
2588
7123
8776
12748
22919
25264
31892
11130
4869
484
32311
16922
20684
18134
10950
26491
1986
13289
6126
17445
16798
25096
6327
17807
16970
8323
11786
23698
7308
18201
24690
30
31206
28246
26399
18476
6587
543
16432
13555
19378
25227
7730
30303
26976
1780
20195
18367
4897
22350
32572
13246
13382
12216
175
21652
4726
16977
29614
25725
27726
19277
31596
12906
27467
19272
24295
20215
27882
15321
15142
1438
26381
29291
10943
30250
27553
9544
1693
25198
3966
18167
9216
1078
14478
11208
13253
32638
5938
11693
9960
17634
20193
16971
15431
30806
4627
14161
7081
12311
13661
2313
8702
8162
32221
1837
17129
1123
11992
15355
9083
25328
6818
18827
21058
29047
15038
12641
16514
15029
4935
14911
24770
21161
25998
26684
3722
12105
30213
15130
9068
31091
26972
9941
23873
27174
31977
31352
31157
2034
7757
10548
11014
22701
9813
10675
18952
23400
15134
24490
26989
24225
7549
17326
11843
1723
26013
15688
4542
6315
29418
25419
28728
23795
4910
5733
2422
11988
9466
10741
22061
3007
14664
3868
22212
14094
30814
13847
16220
17905
19958
6604
9486
10155
8347
10658
4211
32254
6230
1430
6506
23011
14474
16524
28693
12415
20765
7394
30501
7251
2776
30539
21336
16051
4881
21467
5183
21881
10887
16734
23109
22778
7053
1774
7661
13881
23403
20421
31835
31067
23297
18767
11542
31835
19117
26499
1292
28159
21871
17268
10967
17675
5963
18467
24638
29620
21231
8600
1279
28503
10902
8753
14028
24683
24620
4665
12947
3765
24755
7612
23298
23994
7909
21658
2123
28026
283
28891
1316
13147
26221
22338
23826
8036
1819
1573
24552
8619
13356
26236
32394
9233
14932
13111
25847
19500
27675
27349
30087
6533
5948
32562
2417
13316
26955
14240
6799
32424
1947
31034
14950
17019
24159
26997
31329
1478
27407
7928
10589
25473
1550
21678
2666
30477
28553
21273
26832
12326
9122
1001
11601
8979
14798
25549
22702
10527
21371
18057
1901
25933
24055
8521
25304
328
11149
20276
9033
13977
10225
1093
1957
30748
11230
25174
26151
20405
13309
25726
14943
17471
32521
5277
21626
23493
22321
16181
3523
3573
2749
6524
9834
15057
22517
3503
12420
31144
20542
8616
11348
21573
30343
11187
14793
16998
7395
18846
839
31088
17783
19983
17835
25696
2711
6170
6537
22533
21036
2323
25015
22381
20569
3233
784
31901
7518
26388
18802
22916
25276
15865
7689
25906
25498
3819
29392
18758
25703
2220
1876
9125
13761
31348
27324
4210
26261
19848
24326
4154
24968
15631
403
7790
31126
16417
23782
3095
10745
23074
18345
29381
3405
17742
13552
21448
20465
11156
22978
14243
8624
25000
19414
25022
27297
22612
32154
27739
18251
14351
15225
24779
4109
23248
3678
8162
28606
6180
10100
11944
19856
6015
14641
15185
3642
7375
24978
28272
28758
855
2472
23655
2055
23227
24147
11042
7648
23127
17998
16389
29953
7893
31083
2594
15491
26111
7456
15536
12311
15569
2627
3512
11241
21459
8210
19730
14283
28070
18550
26512
19855
7132
4489
10873
24244
15885
85
23353
23878
30502
223
30550
19455
3333
5988
12454
6578
26179
14050
31168
19434
6737
24794
14000
15566
18375
29268
26095
28743
9464
16933
21906
17509
32458
29805
14529
255
6597
10083
12651
2714
10601
23893
8760
15500
20933
18410
23743
11874
26437
22699
32762
26750
24780
15041
6902
19461
12290
6656
26575
12792
29680
23333
13020
1440
14794
10588
16935
24112
16395
32006
20768
23462
28615
32696
29842
19186
61
29063
31445
21850
30893
29571
7238
16157
1129
23425
4084
31062
19757
29982
22684
2852
20403
21504
24024
5640
24195
7007
9619
31118
18185
24260
16832
23088
19689
17
17995
3959
28567
11970
23376
15715
11810
27762
16268
7437
15696
15009
20241
14475
25584
21940
25149
7700
29036
8509
6380
20068
670
10621
26093
27234
2276
24104
28339
25601
18295
27239
4941
13924
15096
20003
12953
26949
8012
7297
32436
25495
1962
937
30132
20842
15602
460
21146
8464
22081
27493
2690
23422
16322
9919
10781
23540
9159
16567
10081
10977
27160
16067
31615
1
16778
21043
6422
12232
26580
20663
4774
2051
9119
5666
1351
24509
9436
13165
7067
24159
16218
3839
15617
15900
13208
23083
15627
3468
31192
32763
7987
13463
17268
28972
17097
16533
9845
29049
2864
15283
10082
18973
22602
5017
5462
1427
25393
21322
27733
6304
21288
13387
12768
7315
7889
19207
32711
32460
3488
21106
12607
18811
28047
23277
26164
27050
20755
24682
20705
5758
26959
3024
413
15801
20616
9121
9464
6532
22746
28634
26630
21356
13097
5402
30459
22698
602
11015
18936
17319
11970
4589
13349
32447
3550
19369
26880
1093
12869
23494
27637
24520
30684
29413
7726
21653
8265
26978
24236
19837
5034
19764
28823
31193
6534
1813
7122
15307
7683
23268
15315
19398
22362
18247
12466
13648
24457
2196
26239
4358
5704
17138
26329
8161
24381
6075
10428
11193
4211
10789
4763
20743
9481
22306
25263
5615
2087
9348
29070
29310
3126
11109
767
11824
25169
454
6413
14005
9718
26486
32090
21492
20738
14902
29878
23889
11228
29978
20720
21547
3568
16178
21740
1961
607
19818
7926
9655
9460
7087
3414
23883
19291
16723
20773
30189
20109
25779
9055
118
2191
4631
20537
1304
23132
31193
3252
21150
20000
22986
19058
21237
10662
5585
32200
2284
1300
17365
2582
6968
14806
11997
18515
4283
15832
5494
23532
8710
16120
10070
18895
17436
4795
1598
1474
20600
20030
20005
27130
28242
6768
26770
19689
8479
6271
12106
10583
8279
27280
8747
3252
23674
13491
13400
16301
21845
10774
29846
23805
9602
31353
5366
19078
26414
13281
5557
18592
22046
27793
5984
2993
21236
18742
6203
5118
11183
13154
8420
14272
19826
21563
9268
4987
17286
10101
5734
21643
10145
14973
32635
4607
26473
27639
3292
10155
820
16235
26178
18297
10770
6459
18899
13568
22285
30425
13198
24408
21423
30518
5096
19756
17349
18302
22967
3856
7779
18434
21328
11285
14376
32118
10988
15515
17091
8796
593
10087
26038
27840
29102
13558
21594
23590
28102
27920
1316
9153
22864
29344
28198
1253
17822
20930
27353
11711
9854
29726
12057
28740
32094
12149
27505
25959
16307
8825
1689
20623
31899
21474
4157
22344
1472
18366
20736
24888
8064
32520
7105
13398
31820
5501
17437
8534
1870
29099
24117
21607
16975
15179
11185
7713
15063
3024
23045
18617
23190
3392
30194
19832
5890
31555
14416
32363
17474
14970
4108
30811
3915
31249
3437
28927
25417
5016
4763
13681
15936
7438
28001
27871
14579
24895
15922
29571
17925
12881
20586
25045
27742
19097
18391
5119
208
12211
18296
17809
8954
19409
30084
5494
365
12627
174
1575
10510
15512
2728
19998
25532
2068
7142
3214
27186
26275
1188
13905
27950
22557
20266
20257
14803
11307
10063
17164
32075
18265
23356
29730
27570
15980
22898
20593
20015
15349
20495
1075
15460
25638
20812
7237
1289
10981
8523
11483
2515
20511
4368
20595
4763
30303
2765
4871
23484
1951
13154
7559
25533
23646
17700
13702
15408
22770
2013
25908
25049
29984
2581
24460
24595
25066
32656
29902
17264
16808
26904
11056
8096
9818
27005
20432
11412
19005
27609
5102
16098
13980
32536
2648
8044
19689
2744
6437
1597
26124
16590
13222
15539
31739
29002
28826
10979
4491
8827
20641
21561
19590
4822
18676
1887
30205
2035
26194
17760
21727
3800
7230
9230
5835
4474
5223
12193
15139
25985
4712
4000
13410
14412
16305
29445
13231
31797
29637
1948
21170
15126
19623
172
4006
29196
11150
28889
20399
23162
27104
31561
23406
17489
23134
8198
2515
25999
27292
10147
3379
17158
30901
29219
5787
5727
12604
11542
17251
21854
2422
13573
2310
15976
10694
9744
4913
3650
23656
24534
18457
17179
21602
149
26386
4301
24760
7058
30046
27232
24544
11964
27970
17615
1909
7052
25439
30479
21552
10031
5696
23374
13843
17895
7216
5497
19687
13743
9038
8960
18665
11294
30691
6109
17345
7053
17650
11475
9651
21372
17169
755
27417
50
18808
16485
24081
19876
30040
27237
6259
12696
23406
8332
25094
8458
30679
7505
16115
13519
20518
8143
17017
376
31668
8905
31203
9849
1591
1259
951
22667
24726
1618
10033
27470
21500
16207
32751
7731
11052
29800
4590
12441
1556
27552
22965
310
2980
9977
11472
15545
28128
10294
32384
24493
29748
8677
23729
4001
8
14749
14636
3974
16277
16261
21262
21336
759
32533
21625
30465
26499
3361
30857
7290
19802
14099
19850
30003
19262
30584
26472
31413
5285
5054
5734
6790
1548
18235
30227
22860
19342
8050
26747
12598
21941
28050
20890
12184
4240
28992
10006
5589
4358
8342
10285
386
11369
12652
20971
24520
11855
18390
25505
12298
8349
28141
1940
22984
23012
14547
29682
6596
17905
16113
6154
19043
7327
17283
10683
2901
31472
15191
10029
3192
4700
3793
8384
32762
25193
15667
24386
30655
12412
17691
14949
12802
12783
30286
13168
6462
7267
4275
10292
31567
4184
21667
12866
15316
4603
26720
1627
1497
1086
14050
26664
16563
23086
11226
1579
19498
29314
28913
20982
18398
20847
4176
10395
27107
11460
8294
24419
10415
32306
23781
2243
15414
4075
20750
1419
14931
14192
30511
13921
21098
12963
29034
24942
27724
23332
16311
8279
11866
9178
5932
27247
12014
5328
15997
3883
21750
14659
5055
13526
11234
13305
8049
12165
11969
28116
22716
17486
20134
4774
32506
11445
14417
20551
11382
28263
7435
3045
1650
23339
722
412
11887
19733
24502
582
22696
29436
1155
17301
11232
16687
6816
30303
20061
23140
14647
5944
17461
1265
21910
11590
712
63
4822
27473
23950
20091
13498
26394
12307
18062
14809
23278
26943
592
24832
9594
23515
31992
7634
31713
30801
30168
16561
524
21427
27463
21986
15682
8191
16862
32747
5368
31138
27623
20800
21994
11834
9490
26911
27498
24736
5738
22457
17144
11814
30344
3474
3604
14621
31238
23082
22096
15515
10295
15837
6057
3451
26645
4872
21783
11428
22907
21101
23395
20111
20117
30425
9785
31747
31124
17412
7038
12323
8870
29880
4323
6059
31269
5173
20411
21879
23310
1749
2826
28741
4534
1516
31710
19899
31416
4850
6114
24236
3634
9700
5680
24727
11057
6887
13927
22640
14185
9007
32253
10915
26410
15647
24535
29783
16783
30641
535
2543
13561
1305
5686
16087
20411
24741
30546
23165
28951
3048
713
24221
1642
10007
24326
706
10403
26803
9371
2314
11769
14440
7568
20521
990
28982
3835
18096
25902
3790
16593
9104
16557
19007
14332
2009
25520
27089
22190
28104
15642
18481
22260
2305
19594
22223
21390
31769
4563
8069
21246
1879
4269
2425
2271
5308
15530
25924
16760
17728
24939
1108
11153
25439
23315
24462
29829
24276
13052
4408
27289
13733
29865
9751
6540
28255
20220
2516
5488
1955
21929
4773
26552
225
30443
28713
21137
24676
31094
403
24182
23183
5804
22282
26110
32358
1299
25168
5113
2896
1799
6818
1980
21530
20908
6112
5049
21312
24615
26862
19027
21608
1806
10586
19696
22320
23580
6719
4431
3881
17962
17001
4380
9507
18778
22969
6081
7596
25494
971
8832
2259
3385
7639
1726
24370
12811
9173
21154
12331
13939
28901
7135
1393
23784
24301
12494
8138
8105
2436
24512
28948
21166
14351
18578
30598
8670
13097
27778
24121
16258
2377
28736
1767
22266
1694
17481
24818
6062
25662
10096
12712
27720
29312
14269
12741
12833
17062
1403
9273
1272
5056
23693
18988
29418
1741
14337
22592
11422
24098
5096
20758
1473
19472
4452
26899
22962
5313
8450
22372
10366
1891
10058
14399
14
4744
20373
25708
1439
30669
287
25093
13171
25274
10845
21114
7878
26346
22161
471
23044
10604
16795
31562
18233
14696
24082
18144
28361
23558
403
13455
11873
20363
11097
22649
21549
18886
6414
7279
31308
13738
7649
2740
13953
29756
28633
13828
29227
9392
24425
25301
32375
14286
11588
21981
14548
21147
29298
27604
21415
17462
20132
24187
5952
4864
20677
23261
12045
25855
19921
19669
22286
18309
6634
976
32137
6668
22441
5332
11519
8293
20914
7618
21086
18
4747
19928
13176
11504
11950
22393
10676
2329
29916
12081
29956
15368
30901
15348
15127
1278
11142
23718
1743
3237
30562
26337
23541
31219
4212
754
13100
20050
28819
2340
29219
19710
12567
17474
13327
29102
14059
15703
30297
14966
25828
29880
32147
18668
18513
11332
1713
7818
29652
9963
6262
30803
31856
365
2348
3513
19682
2148
3224
14015
17205
12165
24109
15707
19601
3619
23424
24094
29524
1268
8956
15382
4963
28952
2775
19444
10435
4183
1092
31338
27747
31403
16107
4567
13116
21758
8342
8998
17308
8500
25901
30195
5311
20332
31460
17392
11424
29827
28339
17288
4110
18906
32007
17858
30978
23130
6839
27495
18224
181
2617
13671
24284
6894
20758
29817
27119
5915
8603
23554
12106
15722
3281
15416
29786
23394
4272
10119
7405
13419
22160
1844
32068
23441
13792
25408
4713
23173
20250
24975
5315
18916
21238
16457
6375
16060
18911
20353
12977
12621
28579
11796
20116
16652
30574
19924
13614
31214
19449
742
27935
32482
8191
8809
28444
15775
25329
29784
24639
4001
28138
31922
18081
27758
31973
24536
27691
4382
18478
26166
25513
16666
21014
25381
25632
1060
15595
784
28258
1432
15655
17622
28895
30961
31720
8816
23998
10126
32160
11476
26413
2999
24846
7961
22005
7387
2669
11483
11857
12571
3819
4065
5888
6157
29788
6397
13977
21177
6448
18484
31519
3304
22690
12319
32725
15263
16179
10385
1363
1254
25431
5243
12250
21709
13934
16140
32741
17329
25077
5148
14592
12732
1278
14282
10973
15275
26077
16740
4261
27860
27685
7560
31372
21095
30419
23433
30120
21492
25288
27156
26115
29997
21885
1812
18159
25838
8178
26322
17817
32122
19943
22113
27105
6664
13647
23865
16745
25982
6658
8738
16620
1660
14770
5972
20434
19612
21536
12764
12801
17144
911
12353
17397
19437
31097
13416
15635
10783
29570
13493
27706
6845
31914
2163
8860
25863
20166
4982
16588
781
26673
21758
6679
18361
10687
24031
8728
9743
4338
29151
6279
32180
25201
22624
10066
4269
22709
8255
9967
1642
11014
23291
31984
8195
166
4890
18648
449
9292
456
21293
13792
3027
18370
29390
19603
2100
11634
23687
15689
12722
11867
4323
27951
25684
21432
23617
32502
24728
8800
7466
20438
25702
8173
17634
17875
20547
13085
17981
21311
11463
25465
26292
21376
9297
15412
9656
9491
17657
22101
11847
9425
7878
19993
1724
28273
4642
10130
29419
1615
25226
26261
15469
20587
24970
24019
21817
30901
17897
31046
2164
12424
801
1999
11659
25972
13585
18461
4478
21824
29686
15568
2687
9007
9368
3038
27067
21123
6337
27958
16248
19008
5107
27812
9568
17970
2138
757
796
22833
8192
19035
293
25764
26176
21011
7639
10564
9597
21828
6344
21795
19732
22827
10327
13036
29582
30325
11656
24172
18715
20972
23055
8785
3644
2134
31914
25394
25279
4506
26548
15312
240
24357
9720
11932
14606
14732
29123
4217
16636
8563
8765
4290
11321
14253
760
655
8210
28837
18890
19252
6166
5884
7896
6667
20171
24947
27380
19828
7839
8204
24617
10521
28449
17516
28819
16759
625
18820
10100
16538
14069
15984
6277
26663
4430
30879
22922
29856
8843
12597
14889
17892
7836
4525
11772
28917
14089
29635
7397
7934
3556
22673
3490
23957
21756
23288
24225
17469
27987
8513
277
4911
6866
4612
27209
12122
8252
20553
12084
8104
22369
17134
32335
28547
6548
11081
27555
6808
3166
3853
17190
26074
9844
31090
21831
18890
231
22416
29128
20982
18587
29708
1228
5568
25594
22007
2609
11873
8425
1779
19231
20014
32507
1176
6625
23833
27109
24854
32756
15994
30771
22299
4702
9232
569
21751
24641
4674
9547
17150
12208
31147
1841
2349
31937
2518
28117
6161
28388
8518
32575
30949
14451
32442
15811
10491
5258
6063
5241
17501
22296
14373
2030
17331
17206
20390
24345
20839
7096
3973
22673
31240
8706
15972
16381
15340
30494
25848
30667
14874
4875
14353
19237
5734
18007
25556
7200
14046
31216
7243
16951
31333
8503
5921
11513
8350
4694
21158
7934
26892
14547
19993
5407
11639
22118
5927
11750
31633
17928
20655
9540
29145
30029
5832
14466
25536
2035
25605
1658
2314
22971
23544
16391
15480
21111
7924
15546
3492
16485
2839
18383
10796
11451
3720
14687
25106
24195
28414
12247
19299
32681
10882
32168
18711
6227
21877
8000
31033
21616
6612
19770
20040
18324
15291
32465
22492
8963
18216
28827
32396
4620
19202
884
14096
12440
17754
1975
28835
20482
9456
18613
17067
32297
1017
27743
7580
708
31
31558
794
18166
21450
9414
2398
23331
5278
4989
11738
3841
15173
26114
15136
20466
22638
8148
17920
16785
6933
9873
1520
17546
3077
8041
3250
24496
8860
16593
8496
16201
5839
27772
16811
16044
5229
9607
4372
12303
13224
14068
13242
22170
23249
7769
24358
18112
28003
3801
8515
8398
27715
8276
8899
22980
27462
32475
26813
1637
32756
11879
22939
23690
3468
14026
2355
24251
4680
19429
4148
26112
23009
17948
29380
32245
14678
32519
23143
18205
14314
26218
10019
21368
18795
25448
7138
12632
32186
22003
10775
6256
18824
19591
8356
27950
19550
16920
16892
3659
14304
30793
1412
8352
15442
16862
2112
19771
7771
20852
28843
9650
23049
24687
18918
8887
30486
16949
6677
28909
29290
14234
14343
32762
24800
5786
9237
2014
12109
6734
26700
30851
9151
28441
17358
1940
1026
20259
9589
20627
1385
17160
14778
15142
27082
23249
4053
7090
28107
29475
6694
16939
27740
23222
3540
27435
23429
27657
26036
18241
1634
28500
3180
3211
10348
22719
29144
18055
19961
14033
4012
22566
7687
25899
8539
25634
28981
22390
4920
3986
23058
4250
27867
21180
666
6704
15047
19498
766
4155
15178
18944
5540
5394
21156
32140
19567
16801
2667
3359
11072
26065
8237
30747
19389
11589
26456
334
28241
31815
599
4990
7283
6402
14078
21573
16428
29937
25128
22816
21715
10903
20126
12994
5404
881
29499
17070
19025
6697
23630
3844
8414
27916
17472
2203
9747
29886
8055
30545
21286
4908
8057
159
18807
28355
29013
31857
9240
3552
15167
3124
653
18055
7546
10288
12496
22103
14971
5912
4249
14013
2635
991
10203
361
32045
9678
30866
30974
12673
11988
1468
2574
16616
29725
10661
22597
26793
1253
8552
11236
4435
9103
29107
21361
31140
21745
2250
19885
2218
31219
16847
20423
2856
10072
11584
31695
24635
12251
17089
23405
22845
5246
24604
29395
20714
20255
14726
32752
15809
11084
7972
14823
17325
8536
15309
9407
2277
26542
12562
19804
21009
11878
13435
430
10670
14614
4628
22824
5811
19179
14376
8564
9845
6392
12365
869
19912
14029
10656
29741
25959
12620
30802
18128
17814
19384
11876
29144
17669
4879
12718
23883
7928
15258
29478
19674
1189
31938
11103
14939
24029
24357
16464
13433
31983
12521
14423
5546
18890
5200
24190
10082
10337
23693
31740
1415
7764
11479
19199
22052
31692
3515
1704
10593
2982
27830
15447
5555
3797
14851
16938
25680
1793
6322
30400
25062
5236
21754
11843
10124
27447
5328
28837
28665
9080
30392
27945
19699
26927
4828
18214
20747
20226
4699
8200
392
18533
20707
663
9377
3845
15490
4988
16367
30567
26553
11008
23329
30924
467
15384
23282
27737
10612
11423
2136
18292
19829
738
6142
21873
4079
3169
17909
13422
24470
25044
22951
6523
15177
27757
9740
8191
21479
20573
23072
10327
99
24729
13716
2495
14363
32734
30147
7030
1893
4850
3817
22813
12907
26670
1423
9824
31290
14393
31818
30169
14357
9238
18853
22321
17167
21601
10844
12425
21465
7637
25547
10008
23256
20242
27301
31509
31866
2973
25065
23255
10187
22569
1554
28987
31555
15381
22671
13126
27618
7221
8050
12555
25216
13013
3436
28111
17246
18683
9721
876
5120
5357
12760
5363
13119
25075
22462
21653
22426
25950
11595
8388
18381
25801
21565
31893
421
4511
30692
26473
17170
15838
16086
22476
10622
19994
1251
23965
23389
3268
29003
12144
28677
17068
15663
10032
2496
14533
15942
29193
22048
1832
2513
30596
26771
21852
17361
15348
9015
28629
28279
16914
8688
22202
19932
12260
23479
10732
13298
15075
28213
5699
18619
8028
18320
10267
8888
10007
8837
9999
17317
823
2231
24324
19811
32097
20294
31338
822
17440
16804
20926
27440
22152
28324
21587
9197
21274
19412
28243
17025
11752
8973
4096
19631
4602
32328
14912
9052
29167
1459
13401
28994
3047
1029
20217
29161
25761
1294
22649
9427
32225
17042
9826
16631
19477
21335
22577
31858
12087
20605
14167
31864
29429
25870
22660
400
6672
31702
25125
9217
30978
32629
7212
13447
25571
24754
11535
5451
29581
22290
10259
7954
9727
4010
20682
26293
24063
15921
14298
30417
1540
17497
5377
20927
23122
25439
598
20423
7783
11233
31954
11664
16790
8177
19982
24283
14066
15207
17230
31089
1133
22139
21951
19546
19777
5779
10237
30544
23439
24921
31960
5748
27974
1553
2904
22079
18503
4394
21503
954
22983
32274
23373
27890
25844
15183
28042
9638
1243
13516
20415
1092
1417
22640
518
27412
22640
18677
30467
12722
10253
13048
25779
17089
20168
30796
4708
16862
13596
9620
18437
19923
23287
26129
17056
13069
4196
27064
21029
8785
8551
29064
1129
16298
31016
30234
366
7590
84
7290
31973
30913
15041
27957
24817
18210
26705
435
5678
28805
11544
7111
3314
17017
1217
23429
27603
29899
1325
1876
1897
21058
13406
6724
1877
22924
30100
3233
23681
27257
20917
2760
27818
21351
7922
3641
5916
21246
19368
3310
30397
25117
20612
13035
1357
23059
3563
23063
1004
19219
6297
13386
19677
5858
14728
23463
29321
9171
9491
15660
20423
15349
11611
4487
27994
27787
29674
22571
24763
31164
24214
2212
2074
14988
21416
28199
18335
28939
318
24942
11253
29388
13294
21699
5641
13721
172
26202
21519
5221
17902
27875
19399
24706
18446
12896
6654
4885
27887
20788
19287
12998
23267
26493
4683
16828
32460
5284
7791
18376
15746
30003
30965
19680
21621
4326
2678
22480
11668
28420
11759
17708
10861
17647
29961
2697
10901
29434
413
14828
20810
17276
6263
22915
20055
8227
20826
25491
11832
12682
2117
690
30079
7437
29685
24118
2934
21724
1451
2797
14342
11854
30255
29711
14551
12920
9237
20592
12729
23807
10047
30714
31811
15658
15779
11611
6841
11579
30030
12283
21043
5120
14249
10801
12284
25765
6652
20406
32313
20684
5936
16474
27595
24799
5849
757
27510
26277
25972
11425
3650
32276
492
2086
23841
4199
25700
20918
30163
3440
8752
23259
28423
20270
4900
10925
18371
23458
23570
28232
26117
30943
654
19837
26795
18273
28148
30664
20624
22175
31149
32130
17656
26595
31917
18776
30510
21338
27200
19964
26987
17255
28679
15386
7418
14909
13629
21646
27546
5549
7999
10964
4132
1340
16204
27584
8813
9849
19849
31855
2670
15246
21832
1405
11938
12308
30345
15992
25008
24620
24769
3477
21322
21963
27355
20386
2133
28757
27773
23612
7754
10862
15500
6722
24028
29197
30962
14474
24795
18129
31647
24274
20312
4761
8397
27385
30730
28751
17033
3695
18416
21764
3439
24554
25912
20290
4789
13658
29024
20637
15211
23072
13979
13708
256
30074
17526
32631
3849
13634
16315
29969
12862
4313
27029
7400
14533
14430
8694
17979
10164
1059
26934
5131
27089
30817
9469
15988
23452
12586
11362
32318
22671
19104
24404
22192
11684
6501
19769
12708
5400
18258
11990
481
8046
10348
14191
24484
11704
23571
303
21376
24850
3709
6346
17256
9071
28259
27744
13835
11672
11002
8613
24672
11889
3621
5951
12673
30590
1769
5487
20668
21159
14369
29172
16871
25912
24435
11052
9205
17452
10370
15997
15815
7595
16485
15859
19780
7121
15705
26922
19628
25777
11954
19823
8745
23450
26904
12578
28072
1945
25327
20062
26854
17214
13591
8413
3534
6563
5078
19221
30466
29867
21522
22183
11960
136
20676
21498
24519
26752
17577
7459
7425
20720
27707
16393
12996
12945
991
21446
14028
31482
30304
15696
19019
5734
20380
10072
16956
18104
18301
12658
10740
27580
31019
6775
21498
8368
6784
27175
27928
21251
18365
24083
17842
13916
14203
7611
17751
14814
27364
31219
15510
25259
11810
15243
2323
12198
32024
17710
16346
27262
8272
3211
20978
2536
5685
11955
24374
2347
7299
9154
11104
22754
28155
21954
26983
19709
2139
7884
20747
11274
3725
29296
12973
17331
6943
13912
32101
9863
5875
3623
27471
30461
26680
7847
18469
25525
3480
3108
1555
14594
31155
14355
5318
11174
17101
504
11975
16604
31427
3974
4359
30620
17220
24583
20667
5914
29245
12030
17257
18064
23189
27147
11587
21053
3355
15888
10677
16813
9661
32658
570
9020
30970
29282
26483
12502
13722
13436
16506
12800
20124
20527
1140
16156
16752
14718
21093
18920
3174
15047
15177
3913
26983
5282
29280
22087
8419
21772
22473
8280
2314
10693
4434
12001
1343
12790
9615
506
6601
4887
19753
13426
26572
21776
28281
22802
9592
18846
30549
15654
26241
761
2346
13370
18639
7604
11083
20770
22902
25060
30601
12349
17896
32644
29956
14074
11626
27160
5441
27802
9924
6033
1916
20536
20029
9841
22079
20487
28614
12079
819
17884
8566
17629
5431
7404
25142
26888
19631
1238
4286
30432
29214
21988
20160
18840
29432
2701
9314
8720
16561
29247
30706
4018
9754
348
11733
24730
1773
25219
1217
23801
15782
11536
557
20923
2965
25830
773
11879
20274
10092
17569
14919
29872
10709
31224
9418
21717
27813
16657
29990
30216
18544
3259
7489
25516
14309
22142
13266
4012
780
11473
6595
29271
12236
29069
3803
23663
23472
23714
31129
12156
25323
5897
26211
28774
30873
506
480
26691
5191
32350
4770
18286
22710
18567
13832
32473
22492
15391
25698
17316
22572
5214
87
28910
32535
31872
30084
15339
1235
1143
10854
28214
21851
19933
18810
6761
17079
1324
9634
32492
11389
31537
15819
2826
16536
29374
9165
14922
14664
30368
19090
14844
15466
19408
32635
3346
16378
21486
4863
8753
6102
29674
29846
4104
4292
21253
17877
27617
15543
1528
10458
28277
21582
31346
19946
23301
20894
14024
1113
23718
10289
16872
21162
19933
15950
18320
23032
7787
2939
19645
2197
19306
65
2149
24560
7577
6959
13416
20924
8693
20258
27333
30798
4233
7875
25353
11847
5510
4432
9230
18804
12438
25760
32225
31986
7790
8289
24580
9878
162
28325
24534
2955
14270
23965
847
18493
9106
28323
9200
30582
15821
5758
32250
21703
17102
4834
16351
24106
23734
14647
11766
14565
1218
8859
11890
23986
3800
22826
20885
20508
4959
27261
10785
25900
11092
880
2576
23877
12954
31017
30596
21837
1170
25430
28161
21261
26348
11189
16346
28891
5821
14042
11241
27766
11217
2605
31619
7473
17986
4914
15531
5460
14921
29709
27782
29375
11861
31045
9744
8912
24410
7368
10508
7559
32620
14895
19777
23528
25228
22596
13795
3489
28098
11201
22864
20973
31852
14171
12541
30648
12245
11519
9647
2308
23817
29788
3054
9611
3304
31393
17590
28838
17018
12168
22129
5741
31618
21395
4642
11296
8022
31637
6371
28614
20461
28021
21905
11027
20794
14895
16070
15759
31416
14619
29959
4597
26439
18546
4415
729
22326
30478
14188
29326
30881
31601
16793
6727
2557
7177
5900
21628
2801
27827
960
26256
28519
1405
9238
3504
2276
5808
14535
21246
6676
32270
30493
27375
18602
16728
10595
9201
24935
4627
13210
10322
8823
16012
20589
5981
4
13338
6759
14790
5894
30371
13668
21832
16984
12641
11333
25484
1553
17638
22248
12365
17681
30302
23640
8890
29914
9237
9536
13851
17314
9017
21158
26040
25766
10976
3285
4086
30400
28748
16027
5316
14652
22638
4277
13109
744
25258
14728
27246
12138
12506
29970
25027
30422
20629
14623
7197
25472
10673
31168
31391
23055
13830
4601
21129
26579
26229
9402
6748
19289
22826
2576
29247
27452
17693
7325
2977
12093
16095
31558
13344
28566
14995
4907
1961
28300
28474
1500
3553
4164
32565
16330
18116
17623
2564
21243
27276
22696
2900
27138
24789
7926
11065
26415
13054
10925
25528
1027
32210
2434
8072
1254
9832
13630
13849
21788
22087
12122
26838
7926
718
31437
17832
13381
980
26658
4795
23316
32139
26573
10116
21143
8618
22207
22275
9310
3019
31032
20293
5582
15633
6109
4654
19922
31503
29450
27509
718
5605
105
2032
17621
22956
9924
4626
14363
12053
27671
30642
21421
12108
18922
15629
30815
12067
7133
271
29702
1388
23685
5838
17640
4262
9334
22616
12657
16349
8097
5806
2088
8907
27873
19216
7137
17731
7120
28027
20531
22992
15583
5233
18988
30617
14246
16888
6468
28551
23416
485
27792
31914
24123
15706
10296
21465
15734
26510
28459
22169
13740
26572
29969
27969
17385
25791
11394
19547
26010
21740
9589
10572
2721
30848
12283
8760
28073
8268
5933
23840
18103
26126
2146
8781
3074
14834
31398
30194
13573
26968
10856
29965
13266
728
32115
31118
6313
15235
25376
18875
5065
14700
1225
22227
18822
26472
23168
20209
11420
13841
30721
1588
21187
28177
9702
31517
30596
30621
6938
31288
8522
15167
27280
9471
7356
32729
31029
24571
16970
27111
4131
27692
14854
4
24343
12203
12726
22704
805
29070
14631
21840
26026
3340
14532
3702
1923
24546
13926
21859
3196
30708
23662
28362
6923
17464
30482
27351
25663
19664
23540
15984
26611
13942
28665
443
18759
5405
16216
30688
18257
20949
23537
17424
11791
10224
30177
28614
21408
32099
25171
9804
30132
6767
1176
18818
2882
1152
19835
17371
24185
85
17614
15272
760
32609
20809
2969
31809
31857
12949
9344
10347
2960
24995
15449
17176
8487
19266
28296
5287
21609
6385
12641
8619
8430
31729
17645
28315
27550
11935
32491
11211
20177
8193
6166
23962
29109
32159
24230
21741
28399
3988
29209
3037
3717
6884
27699
15021
22267
15888
6980
14591
14780
31720
12713
32583
24252
26785
3733
23679
21340
11559
1042
13341
8334
21684
15938
22594
3129
6306
12267
21556
2527
7806
10290
15118
7805
23645
30119
20150
15282
6003
14978
4880
22052
12513
22060
8561
15136
13519
2050
20567
27008
24507
12117
855
29138
3600
19637
14166
8630
18939
10351
7932
32392
27514
16980
25446
21311
32438
28348
23835
21909
25746
17611
22850
9833
24964
16883
16146
12641
3748
18106
10633
12243
24834
20670
18785
21222
15165
5622
9024
22772
15697
25914
32303
4659
18097
28678
5709
6293
24214
24955
26564
16108
30358
26278
9725
31570
15224
3077
13072
20680
26695
5191
11135
31773
20389
11348
23075
26642
3938
8333
10342
11451
8781
30549
24243
7720
17482
5328
18731
11845
23717
19434
5274
9727
25254
156
30633
31144
28774
16235
31829
15517
30688
28209
32159
30758
20043
31263
11653
27037
424
9987
14130
27603
11415
25543
20850
4015
15470
18490
21864
10264
23948
8212
11651
19733
491
10036
12462
6707
13813
23339
15815
11304
14233
1534
11091
8629
925
26152
24432
9169
19766
6111
9226
14595
5078
9112
2898
26640
19269
21965
30828
28118
18931
17406
8296
2680
29069
8950
6004
10683
17870
21071
15952
27312
26008
16696
9218
19092
6723
4214
12234
30452
28981
5545
10072
2836
5042
9169
25917
15506
20726
15632
21408
15175
3713
4530
32562
18542
4787
28778
22116
18696
23960
3038
26839
22399
1029
14694
15123
6281
16612
3345
637
22351
12492
30442
23939
11471
27605
17785
23578
13950
29098
12684
27754
8242
7135
22327
32711
1344
2693
16409
31716
27873
16124
25313
19523
26075
22793
15377
10224
1373
10792
25602
24431
19754
4900
17960
18163
15609
24548
23960
4305
4892
5512
6855
11315
97
26293
22165
31761
21302
16940
30346
31325
24080
12194
9823
7038
7437
28364
19136
1536
24280
3257
4432
29322
29901
25444
16878
18448
11869
14218
13623
18505
9140
26809
5195
24676
5018
26538
17876
29175
22679
26320
11333
10296
14683
31025
6496
11631
6236
4981
6907
21675
18113
9020
1283
2996
32383
12469
23745
10562
18370
15981
2396
27500
19854
23396
28064
14947
26022
7014
20221
864
20397
27032
11731
16347
28555
26962
29421
31998
1810
22828
5707
30553
13026
11356
8996
7895
11913
20031
15659
5873
9199
17461
2834
1825
2546
8626
10828
20378
22093
658
4120
30262
1726
32685
31675
24496
17768
20908
24076
10515
11382
5659
23094
13682
27905
27327
17338
17370
23859
21289
15795
8581
12717
7307
24414
19536
26151
13259
473
6511
6486
8662
6955
13408
24595
8759
19077
2589
21433
2024
31176
29846
24527
25703
14406
14942
4839
9485
13005
13989
30405
6812
27874
15718
13252
7959
8010
4065
886
19926
24527
30028
13963
473
30272
19398
20980
3677
698
9612
1864
26029
22822
18031
3174
8763
13827
5510
5724
9711
12390
22304
31623
17343
3390
17148
16636
10112
22493
19133
5927
28667
25524
9368
2482
12100
7006
28240
26280
17735
16609
31844
8411
18596
816
10631
12675
29117
3316
14928
15655
15372
28811
10547
32705
12731
5457
28336
17437
5486
2591
6602
27266
24164
24850
19643
17044
15038
30862
29158
15481
3102
21890
15629
13627
4724
29421
19652
25197
14613
10913
37
8466
14862
6983
21702
11194
2999
12195
24808
31726
19595
11033
15857
23246
8502
24432
30493
25849
14576
28631
20592
1453
27658
17701
31215
11568
10438
5989
783
18030
8812
12434
8814
12259
30362
19615
9665
15291
15580
15034
7693
31544
13436
9170
7195
22869
1180
6743
4390
18601
17025
22337
10198
2189
12850
18515
10610
17793
30018
21409
17233
6348
7146
29776
16529
11107
19547
5277
3084
12
29777
18720
3720
10435
14572
20818
15662
27485
6332
334
27710
6507
29722
30932
14848
8033
28607
19347
9726
3832
25999
32424
10352
10448
22454
32610
24056
10586
6646
30536
7055
23797
9535
8541
32447
16215
18817
1186
19988
10799
12734
14301
15821
22280
28259
4761
27862
14449
31192
28526
11771
28251
27478
25474
29014
22978
19449
3920
25097
5008
16918
27816
3123
19134
1742
15863
7964
19900
23011
713
8115
17171
26571
5516
7995
21833
22019
22167
19009
22020
27046
2155
25553
7283
31806
16696
233
8938
13018
5539
6190
10188
11105
24774
14814
21934
5157
19832
1030
14009
25019
1231
9973
30544
5899
9700
3568
15347
21411
27350
39
3684
7249
7954
19944
9736
4592
19153
24083
3983
2690
14306
12238
30680
16511
13225
9337
7694
3181
12904
9701
12568
23729
14269
31936
7216
24485
10348
27476
1745
5098
26975
24690
3031
13056
28651
22184
27618
10771
10069
13242
16123
5400
20373
15440
27002
28697
14681
28653
22566
29389
845
24864
18335
19052
15514
24062
6905
9665
4268
31951
1450
18305
24633
24840
3238
4827
27519
19578
8904
18000
29133
20680
25716
22725
27204
13598
13947
11479
14815
25632
19518
3694
2737
30241
22807
11925
10350
11158
28916
4489
1581
27594
23621
8975
20844
7123
25369
25867
13909
25028
21379
27727
14656
10276
18243
8113
18808
30111
27810
28000
28994
27900
22174
27256
18203
2383
6215
4307
1090
27248
12137
3875
25718
17835
619
24381
13057
20153
30071
5816
10485
11503
23260
9655
182
20662
17072
30723
25272
15675
28089
11357
3978
6760
26510
22034
27412
8978
3065
31951
19741
17268
31648
20151
15120
31708
17380
14515
28415
23460
15882
22793
20456
10340
27032
49
16183
1382
17922
13284
24461
12122
28550
26741
14528
8267
853
25700
23843
12242
3827
561
29703
906
3808
17518
19841
25539
16504
28696
25454
18555
19224
8487
27573
12938
1154
3428
24524
9500
21635
27003
7550
21348
31699
9297
1259
22159
16956
27799
14288
32759
20478
13472
24072
7066
13939
10351
4947
14026
27631
18965
25175
16166
16106
10298
28900
3528
1121
25337
16764
12992
1401
29425
11795
5313
28774
26264
19
14619
20619
2515
18851
18409
20962
11204
25641
8332
21407
30435
14349
4696
3600
3921
12737
3468
20424
27497
2046
24712
5628
6807
14160
21818
1069
28269
22228
17114
32519
14835
10816
26583
28298
6975
5413
8209
27495
838
21361
19272
23469
28658
6968
30676
17060
3189
2996
9623
18425
11228
3466
13617
14876
20967
2126
22386
4071
15896
4426
4373
11648
11530
30587
9899
28800
17412
20701
1237
18261
23246
27881
30902
22501
6083
20571
19624
31091
4648
7736
7470
1479
28348
4624
31275
17801
10896
28544
10321
31727
2073
2812
5851
21912
21124
20427
23935
16055
27465
26451
22174
25715
22019
26007
10687
25998
13951
7934
23099
30277
29971
2902
11833
31608
32049
23064
477
24843
19003
7150
23229
12172
13977
9586
20373
9494
16650
3897
6203
21877
15415
30480
22997
5514
7310
26245
841
13809
22605
682
19957
20706
3549
26901
13985
12117
25698
24107
689
2410
23184
12447
9631
9735
30656
30261
6825
7619
4931
1484
1735
17667
9718
21147
14048
354
23062
3259
20029
3671
19798
10981
14654
29970
14639
16766
14412
15270
30072
19152
5902
3949
2358
17563
25568
28328
15797
18124
15233
5479
26584
30604
32011
12713
23469
124
31273
8899
15940
26943
30596
18438
10690
31546
4478
8860
22449
4759
22819
20147
17818
144
15708
6110
2006
25322
5222
11447
16033
5311
22915
13770
24944
7297
29424
21422
21637
15164
5142
18549
31936
283
4100
20551
17848
2862
12317
27977
19978
20074
25358
10947
11761
5106
22532
7043
3095
2709
23067
6012
29867
4503
25
31923
9908
8372
1116
30556
19365
29026
22801
5439
19761
19799
19623
10337
15712
9803
21123
15585
1251
23295
17398
9760
19365
19838
11628
26404
20386
11938
31718
31295
7676
8923
7850
15339
25163
9260
28984
31993
16437
17782
385
32747
27456
15097
1620
26014
28899
19480
6681
19756
26851
4700
3521
11024
32733
10684
26621
7051
4126
13852
25774
13383
15547
25107
2205
6459
17119
15089
7533
22734
30047
3585
10702
21311
5780
11019
14835
12612
1129
12317
3141
11761
27315
17035
30297
14300
28609
22837
5663
11647
3892
31752
9053
14557
5905
7368
30044
3689
31509
27916
4322
4899
29257
21898
21087
11780
4822
29332
2155
18588
24601
14819
4720
17146
32506
11668
22436
24268
1146
16496
10811
26055
4748
20336
27354
3913
14118
21632
78
26941
16791
13956
30590
18496
539
23193
24478
769
10157
23197
13990
31982
12316
1265
31235
17421
7777
2429
12172
17959
27440
30709
31415
24876
25549
29531
4621
21203
27425
16070
10459
19329
20749
1889
8491
10348
13310
4022
6642
6400
8386
8237
11659
13186
25754
24783
29796
15603
17808
80
8184
10295
5386
19533
16893
4214
20640
7890
5086
12995
17707
17695
21099
11003
26654
17324
464
30704
23322
7018
11715
2759
19900
29772
31234
26015
12730
20742
5885
3444
29998
12309
28367
21314
14129
15871
7795
14445
10924
31964
3893
29280
7019
1301
17510
20852
18803
17260
12628
3860
3734
22588
11130
18208
580
31746
19699
8334
4004
3357
23349
26967
12771
10962
1531
10641
19149
403
4739
29144
18330
11393
18170
26867
2058
20527
10805
23733
15284
21161
27553
23072
10650
21685
1917
4305
5634
20568
31558
1432
14977
156
7795
22630
1113
30353
29539
8556
3333
32658
1172
10625
273
16585
8725
452
26927
11254
4926
16003
2440
12651
4254
22876
19280
21339
6709
32418
25757
32341
32227
18947
12921
19212
8737
13927
31029
3417
26863
17690
32513
21635
16141
8238
13498
16573
11118
15387
24835
20976
29418
15529
407
5051
9267
8464
22238
19129
8202
31581
19902
1794
29107
14103
15283
16372
2982
13091
8482
23859
15495
13029
26090
20718
28760
27304
17469
10084
4590
11072
21934
12199
8353
28909
30346
8608
20040
22915
29548
25940
14693
17864
13580
24421
6044
10782
24152
26332
25706
21090
4294
18469
26643
7443
19176
31067
10972
29111
5441
25543
10363
30330
29015
26275
22476
18713
16137
30499
23237
16126
3107
438
27308
28845
560
28809
21639
5214
26255
31564
6613
27627
24777
9274
2427
18925
31522
1619
25857
29218
4462
22764
26110
22803
8742
19562
14289
1779
13755
9291
14738
8649
20522
12902
7241
25298
8401
6003
12637
31520
25729
27853
32079
11144
11732
15223
25255
5051
1985
25693
31023
31923
9837
24029
25952
8785
6724
27270
17434
16452
14665
11552
32408
26156
12970
15852
6818
22271
152
9517
23300
30636
11349
24294
17472
4351
6287
19430
22912
26821
17900
13314
9678
30256
17894
15778
25991
13693
20441
32383
25613
24275
11354
2474
25021
1135
27339
7889
5665
23550
5420
24254
8806
14154
22068
10528
2064
28697
17825
1934
30700
19282
20172
18889
3398
5986
25984
14145
18781
2526
32012
31195
25364
8298
30103
9714
16106
2265
29620
924
9004
21654
22071
32046
31850
31554
15942
22274
17959
28830
23987
5239
27604
20908
32649
11834
13824
27921
32484
32196
6089
10942
8198
548
28822
5839
32680
25087
5640
5043
3214
20181
14893
30606
16222
11653
503
6363
1202
10260
24557
3670
3436
3242
1825
9753
31050
7645
2658
22533
4026
14386
31666
14179
31471
28897
8187
10187
14644
4569
2813
22853
14464
5892
14219
20399
20555
4300
28663
31071
3489
4062
6859
6409
1397
32302
16313
1762
8503
2363
22741
3333
6569
404
17410
25366
5102
21403
26794
3366
5347
32137
26035
8663
16051
9906
23470
15297
3238
15371
10065
6676
314
13801
8231
13438
31349
27403
12166
17999
8313
5339
21442
5339
8793
26865
25504
29983
13611
27609
9741
21672
2399
24854
4624
18865
